0.538130 0.389395 0.072465 0.000010
0.596112 0.252159 0.017271 0.134457
0.493474 0.280650 0.003927 0.221949
0.363619 0.164037 0.000010 0.472334
0.348942 0.159020 0.004830 0.487208
0.383933 0.268322 0.003691 0.344054
0.665614 0.288032 0.016004 0.030350
0.622448 0.245267 0.011428 0.120858
0.551485 0.090552 0.001809 0.356155
0.422739 0.224541 0.000010 0.352710
0.461246 0.083314 0.000010 0.455430
0.554719 0.161111 0.012645 0.271525
0.577139 0.390471 0.032380 0.000010
0.553661 0.422109 0.024220 0.000010
0.565959 0.413687 0.020344 0.000010
0.540591 0.437876 0.021524 0.000010
0.210436 0.707640 0.034245 0.047679
0.104372 0.135623 0.677484 0.082521
0.136100 0.126639 0.683470 0.053791
0.104487 0.135559 0.677600 0.082353
0.633853 0.357273 0.008864 0.000010
0.089697 0.131104 0.689301 0.089899
0.709875 0.250648 0.039467 0.000010
0.212428 0.577003 0.020627 0.189942
0.485796 0.490559 0.023635 0.000010
0.488120 0.483039 0.028831 0.000010
0.468375 0.503093 0.028521 0.000010
0.615641 0.269634 0.013830 0.100895
0.667127 0.239655 0.015559 0.077659
0.630457 0.340301 0.015971 0.013270
0.607927 0.362606 0.006899 0.022568
0.672260 0.202790 0.024348 0.100602
0.638732 0.275960 0.016707 0.068602
0.659451 0.251622 0.024744 0.064183
0.515291 0.057471 0.022959 0.404279
0.512039 0.045790 0.020270 0.421900
0.491914 0.082757 0.004164 0.421165
0.551635 0.090406 0.007656 0.350303
0.293728 0.184615 0.005691 0.515966
0.567261 0.124447 0.000010 0.308282
0.510156 0.044022 0.005195 0.440627
0.519435 0.028225 0.000603 0.451737
0.100320 0.622769 0.019083 0.257828
0.178231 0.563487 0.009287 0.248996
0.179545 0.566801 0.010846 0.242808
0.211874 0.566245 0.025181 0.196701
0.922642 0.012682 0.055940 0.008737
0.263126 0.535927 0.005368 0.195579
0.225776 0.543161 0.021572 0.209490
0.186505 0.556107 0.013905 0.243484
0.205145 0.536049 0.017799 0.241007
0.195591 0.563964 0.006414 0.234032
0.480169 0.492776 0.006883 0.020172
0.531163 0.461793 0.007034 0.000010
0.939179 0.037146 0.023665 0.000010
0.509320 0.456941 0.033729 0.000010
0.092833 0.180983 0.649432 0.076751
0.512890 0.420076 0.067024 0.000010
0.225485 0.557056 0.005298 0.212161
0.203714 0.583252 0.016495 0.196539
0.217998 0.549647 0.013174 0.219181
0.276065 0.504081 0.034685 0.185170
0.182974 0.616716 0.006780 0.193530
0.200310 0.561480 0.017193 0.221017
0.260962 0.293957 0.000010 0.445070
0.329964 0.245996 0.013106 0.410934
0.084070 0.250143 0.079351 0.586435
0.500160 0.472217 0.027613 0.000010
0.525456 0.454218 0.020316 0.000010
0.544412 0.438464 0.017114 0.000010
0.505080 0.478934 0.015975 0.000010
0.509622 0.466601 0.023767 0.000010
0.280250 0.235704 0.008171 0.475875
0.292457 0.182423 0.000010 0.525109
0.278722 0.217331 0.004500 0.499447
0.268841 0.292347 0.000010 0.438802
0.290741 0.149930 0.005688 0.553641
0.374456 0.137050 0.000485 0.488009
0.468274 0.072380 0.014622 0.444724
0.163619 0.730270 0.041295 0.064817
0.507909 0.065731 0.009039 0.417321
0.882338 0.095641 0.022012 0.000010
0.379590 0.485931 0.035381 0.099098
0.425733 0.512475 0.037714 0.024077
0.441668 0.517513 0.040809 0.000010
0.506499 0.444651 0.048840 0.000010
0.491075 0.469901 0.039013 0.000010
0.513947 0.444404 0.041639 0.000010
0.837751 0.129109 0.033131 0.000010
0.567321 0.411010 0.021659 0.000010
0.468890 0.489432 0.041669 0.000010
0.535583 0.458210 0.006197 0.000010
