0.386264 0.540874 0.072842 0.000010 0.000010
0.258253 0.564044 0.017437 0.000010 0.160256
0.267313 0.461951 0.003379 0.044486 0.222871
0.155502 0.317049 0.000010 0.042238 0.485202
0.157274 0.298262 0.005212 0.026595 0.512657
0.257223 0.343611 0.003629 0.045474 0.350063
0.284715 0.645415 0.015243 0.016057 0.038570
0.236437 0.598904 0.010627 0.029571 0.124460
0.097873 0.509827 0.002352 0.001021 0.388927
0.196919 0.390802 0.000010 0.077699 0.334570
0.076163 0.418477 0.000010 0.034322 0.471028
0.156917 0.520518 0.012363 0.024784 0.285417
0.398872 0.568281 0.032826 0.000010 0.000010
0.417436 0.542277 0.024332 0.015945 0.000010
0.414739 0.564164 0.021077 0.000010 0.000010
0.443000 0.534417 0.022562 0.000010 0.000010
0.693126 0.178373 0.033715 0.054057 0.040729
0.122893 0.097753 0.676978 0.032915 0.069461
0.118354 0.129718 0.683108 0.023232 0.045588
0.122849 0.097879 0.677095 0.032863 0.069314
0.352587 0.619450 0.008974 0.018978 0.000010
0.122460 0.081191 0.689085 0.023623 0.083640
0.257856 0.703246 0.038877 0.000010 0.000010
0.563285 0.173994 0.020208 0.052575 0.189938
0.497149 0.478207 0.024624 0.000010 0.000010
0.487027 0.483686 0.029267 0.000010 0.000010
0.513111 0.457266 0.029603 0.000010 0.000010
0.256825 0.594907 0.012950 0.034022 0.101296
0.243706 0.639440 0.015399 0.000010 0.101444
0.344501 0.607437 0.016078 0.000632 0.031353
0.354555 0.587154 0.006288 0.023432 0.028571
0.202500 0.648678 0.023910 0.008765 0.116147
0.272221 0.614589 0.015908 0.018412 0.078869
0.244731 0.637928 0.024026 0.021167 0.072147
0.048094 0.477738 0.022885 0.038233 0.413051
0.037046 0.472207 0.019948 0.038951 0.431848
0.074620 0.448720 0.003702 0.037379 0.435579
0.082017 0.516701 0.006997 0.033080 0.361205
0.175310 0.242409 0.006006 0.047601 0.528674
0.116210 0.532132 0.000010 0.032788 0.318860
0.034980 0.469092 0.004390 0.038193 0.453346
0.023630 0.478239 0.000518 0.030139 0.467474
0.589411 0.064587 0.018425 0.099820 0.227757
0.549642 0.137076 0.009135 0.057503 0.246643
0.547181 0.138710 0.010063 0.070935 0.233111
0.532344 0.179649 0.023668 0.099222 0.165117
0.014254 0.907298 0.054099 0.000010 0.024340
0.518462 0.226586 0.005114 0.062838 0.187001
0.517935 0.192715 0.020240 0.080519 0.188592
0.533224 0.146646 0.013073 0.076316 0.230741
0.515577 0.168540 0.017469 0.067606 0.230808
0.538222 0.158856 0.005392 0.083010 0.214520
0.487241 0.452829 0.006403 0.025435 0.028092
0.452749 0.510890 0.006294 0.030056 0.000010
0.040760 0.936392 0.022828 0.000010 0.000010
0.457905 0.507545 0.034530 0.000010 0.000010
0.167676 0.087308 0.648718 0.039009 0.057289
0.419403 0.513284 0.067293 0.000010 0.000010
0.533369 0.190595 0.004618 0.074261 0.197157
0.559931 0.169302 0.015889 0.076842 0.178035
0.521878 0.181186 0.012073 0.082650 0.202212
0.480959 0.244101 0.033734 0.072537 0.168669
0.596577 0.146086 0.006046 0.070200 0.181090
0.550196 0.160900 0.016899 0.053552 0.218453
0.263951 0.215826 0.000010 0.091040 0.429173
0.232545 0.285614 0.012688 0.056196 0.412958
0.203452 0.043312 0.077861 0.134794 0.540580
0.438632 0.480129 0.025202 0.056028 0.000010
0.456706 0.521866 0.021408 0.000010 0.000010
0.448234 0.533520 0.018226 0.000010 0.000010
0.471292 0.491020 0.015388 0.022291 0.000010
0.449820 0.493276 0.022944 0.033950 0.000010
0.231231 0.230136 0.009740 0.037416 0.491478
0.170245 0.241182 0.000603 0.053278 0.534693
0.202104 0.231993 0.004276 0.061634 0.499993
0.277438 0.221987 0.000010 0.058065 0.442500
0.113194 0.247716 0.004996 0.105066 0.529028
0.125232 0.327721 0.000603 0.049557 0.496888
0.072936 0.420685 0.014643 0.021116 0.470620
0.719433 0.129911 0.041151 0.046814 0.062691
0.052713 0.469532 0.008653 0.048225 0.420877
0.102185 0.876396 0.021398 0.000011 0.000010
0.460262 0.355058 0.033936 0.072606 0.078137
0.500358 0.401265 0.036758 0.040714 0.020906
0.507179 0.424941 0.040506 0.027364 0.000010
0.445376 0.505157 0.049448 0.000010 0.000010
0.472158 0.488161 0.039661 0.000010 0.000010
0.436937 0.515159 0.042019 0.005875 0.000010
0.136848 0.831128 0.032005 0.000010 0.000010
0.414297 0.563160 0.022523 0.000010 0.000010
0.489537 0.459326 0.042144 0.008983 0.000010
0.446339 0.524224 0.005801 0.023626 0.000010
