0.733777 0.092811 0.173412
0.770555 0.019845 0.209600
0.659896 0.006161 0.333943
0.594764 0.000010 0.405226
0.584706 0.002741 0.412553
0.559702 0.004401 0.435897
0.824543 0.019448 0.156009
0.802970 0.014243 0.182787
0.820551 0.001962 0.177487
0.623504 0.000010 0.376486
0.742027 0.000010 0.257963
0.777283 0.014659 0.208058
0.717344 0.043000 0.239657
0.660502 0.030716 0.308781
0.716693 0.029688 0.253620
0.676970 0.034671 0.288359
0.154641 0.039452 0.805907
0.135356 0.678395 0.186249
0.168857 0.684437 0.146706
0.135465 0.678509 0.186026
0.769991 0.012902 0.217107
0.117604 0.690114 0.192282
0.943713 0.056277 0.000010
0.227612 0.024644 0.747743
0.588586 0.034036 0.377378
0.613072 0.044167 0.342761
0.552161 0.039171 0.408667
0.784225 0.016241 0.199534
0.850767 0.017057 0.132176
0.764274 0.020331 0.215395
0.731391 0.011178 0.257431
0.872787 0.026378 0.100834
0.804307 0.019161 0.176532
0.830059 0.027773 0.142168
0.797164 0.025020 0.177816
0.798593 0.019719 0.181688
0.765238 0.005042 0.229720
0.821036 0.008440 0.170524
0.515813 0.004986 0.479201
0.817479 0.000010 0.182511
0.810856 0.003815 0.185329
0.820592 0.001402 0.178007
0.087429 0.023840 0.888730
0.201764 0.011745 0.786492
0.198055 0.013332 0.788614
0.226250 0.026882 0.746868
0.961838 0.038152 0.000010
0.302773 0.006883 0.690343
0.254831 0.022625 0.722544
0.211032 0.016884 0.772084
0.239680 0.020966 0.739353
0.220927 0.009843 0.769230
0.545477 0.010106 0.444417
0.610422 0.012396 0.377182
0.986934 0.013056 0.000010
0.647098 0.045241 0.307660
0.106958 0.650379 0.242663
0.665625 0.082510 0.251865
0.250487 0.009966 0.739547
0.214640 0.019855 0.765505
0.245007 0.016824 0.738169
0.317174 0.037696 0.645130
0.183318 0.011074 0.805608
0.220601 0.020323 0.759075
0.425700 0.000010 0.574290
0.509893 0.014282 0.475826
0.229451 0.078795 0.691754
0.592001 0.040245 0.367754
0.639563 0.030201 0.330237
0.656384 0.025569 0.318047
0.593406 0.022166 0.384428
0.592366 0.030330 0.377304
0.476136 0.009236 0.514628
0.515332 0.000578 0.484090
0.478539 0.005032 0.516429
0.433875 0.000010 0.566115
0.524282 0.005030 0.470688
0.617751 0.000010 0.382239
0.740721 0.015391 0.243888
0.094640 0.047551 0.857809
0.789446 0.010526 0.200029
0.984570 0.015420 0.000010
0.438383 0.038542 0.523076
0.466767 0.042806 0.490427
0.499906 0.048165 0.451929
0.678002 0.067522 0.254475
0.631574 0.054682 0.313745
0.651338 0.053137 0.295525
0.967544 0.032446 0.000010
0.702632 0.029116 0.268252
0.553183 0.051743 0.395075
0.646182 0.016960 0.336859
