0.638930 0.142057 0.006650 0.051593 0.160770
0.671916 0.141433 0.000010 0.065942 0.120699
0.676722 0.187149 0.009212 0.032502 0.094415
0.284488 0.293551 0.012976 0.042369 0.366616
0.273411 0.328737 0.002170 0.042679 0.353003
0.277704 0.285121 0.005649 0.059280 0.372246
0.298638 0.317164 0.006730 0.014416 0.363052
0.259419 0.311243 0.001722 0.052220 0.375396
0.277906 0.340716 0.011458 0.041006 0.328913
0.283731 0.319884 0.003274 0.066601 0.326510
0.300145 0.333951 0.009550 0.022805 0.333549
0.248226 0.297084 0.010944 0.068708 0.375039
0.284718 0.323435 0.008175 0.055568 0.328104
0.295023 0.287086 0.003970 0.017855 0.396066
0.273105 0.405719 0.013887 0.003774 0.303515
0.304624 0.350294 0.000010 0.048330 0.296743
0.282454 0.321604 0.004039 0.047935 0.343967
0.302808 0.387670 0.003182 0.012980 0.293360
0.295149 0.349924 0.019772 0.040529 0.294626
0.305578 0.369053 0.004538 0.052222 0.268608
0.299861 0.311483 0.002351 0.035353 0.350953
0.290911 0.367154 0.002240 0.028840 0.310854
0.278361 0.348919 0.008479 0.034641 0.329600
0.289587 0.343832 0.007882 0.050778 0.307921
0.263990 0.361325 0.000010 0.031162 0.343513
0.266168 0.420763 0.003052 0.052138 0.257879
0.298306 0.362769 0.006517 0.031912 0.300496
0.298932 0.393399 0.000010 0.041504 0.266156
0.299842 0.392117 0.000010 0.049314 0.258717
0.278583 0.354529 0.004555 0.065476 0.296856
0.279232 0.387248 0.005975 0.025749 0.301796
0.289087 0.382134 0.005417 0.015417 0.307945
0.267851 0.393087 0.005792 0.029901 0.303369
0.306402 0.345833 0.000010 0.030577 0.317177
0.283170 0.380538 0.005185 0.051279 0.279828
0.281883 0.338855 0.009979 0.070984 0.298299
0.306155 0.372737 0.003980 0.029007 0.288121
0.253093 0.333677 0.008587 0.059127 0.345516
0.634429 0.280380 0.015726 0.031577 0.037888
0.671777 0.264911 0.008675 0.000010 0.054627
0.617532 0.245615 0.009003 0.030031 0.097819
0.622861 0.291926 0.025952 0.037864 0.021396
0.650016 0.255597 0.016354 0.041515 0.036518
0.646682 0.214539 0.010801 0.026057 0.101921
0.668161 0.235796 0.003349 0.064690 0.028004
0.560458 0.355355 0.016078 0.035277 0.032833
0.643301 0.267885 0.017604 0.047138 0.024071
0.627897 0.232511 0.005214 0.088282 0.046097
0.650233 0.226263 0.017438 0.005084 0.100981
0.612692 0.254971 0.007156 0.069609 0.055572
0.644335 0.227320 0.019626 0.022632 0.086087
0.629939 0.276374 0.000010 0.039947 0.053731
0.623927 0.230841 0.008933 0.017004 0.119295
0.653152 0.246230 0.025085 0.024915 0.050618
0.266909 0.364302 0.004465 0.012438 0.351886
0.300213 0.365979 0.003955 0.045006 0.284847
0.317024 0.375176 0.004890 0.023188 0.279722
0.292395 0.340904 0.006644 0.039062 0.320994
0.306940 0.355392 0.005142 0.043150 0.289375
0.303011 0.354065 0.014177 0.000010 0.328738
0.287201 0.331733 0.000010 0.029778 0.351278
0.264545 0.353424 0.005373 0.018849 0.357809
0.303173 0.346601 0.002200 0.000010 0.348016
0.314081 0.335015 0.010370 0.034948 0.305585
0.301636 0.354221 0.005921 0.002247 0.335975
0.317090 0.354363 0.003286 0.017338 0.307924
0.227517 0.373604 0.007623 0.067543 0.323712
0.242360 0.389663 0.012702 0.045539 0.309737
0.298505 0.307385 0.000010 0.066784 0.327315
0.284634 0.370560 0.004909 0.054348 0.285549
0.282645 0.343696 0.001573 0.043532 0.328554
0.295531 0.354974 0.000010 0.048807 0.300678
0.289660 0.339634 0.012863 0.024018 0.333824
0.298468 0.351573 0.011294 0.024863 0.313801
0.320762 0.315452 0.000010 0.009653 0.354124
0.291486 0.349365 0.000010 0.048194 0.310945
0.275759 0.350618 0.006519 0.029988 0.337116
0.302882 0.322992 0.002977 0.024776 0.346373
0.328308 0.365590 0.000010 0.040491 0.265601
0.272978 0.413451 0.000010 0.028032 0.285528
0.285391 0.369034 0.006575 0.025658 0.313343
0.289879 0.400915 0.000010 0.011918 0.297279
0.260010 0.370600 0.002009 0.055066 0.312314
0.294928 0.321842 0.000010 0.017990 0.365229
0.510707 0.075013 0.001073 0.090289 0.322918
0.620827 0.076011 0.008405 0.034768 0.259989
0.528907 0.061450 0.005656 0.116689 0.287297
0.576669 0.071662 0.000010 0.059043 0.292617
0.496312 0.082502 0.003956 0.094473 0.322757
0.538345 0.080709 0.003459 0.091842 0.285645
0.562466 0.089079 0.006352 0.080400 0.261704
0.524136 0.115879 0.008074 0.072329 0.279581
0.577102 0.055418 0.002652 0.078171 0.286657
0.521551 0.219354 0.003790 0.054893 0.200412
0.502536 0.095799 0.006904 0.093919 0.300843
0.540134 0.068974 0.000010 0.069019 0.321863
0.534217 0.080089 0.013378 0.084894 0.287422
0.588808 0.084501 0.003334 0.070520 0.252838
0.540693 0.071280 0.001705 0.079266 0.307055
0.551688 0.095109 0.005320 0.062770 0.285112
0.575108 0.136461 0.025093 0.071007 0.192331
0.577440 0.132790 0.044193 0.034124 0.211452
0.589048 0.123346 0.037431 0.053188 0.196987
0.566211 0.171484 0.040100 0.048201 0.174004
0.595206 0.127776 0.034453 0.075981 0.166584
0.557381 0.155269 0.049914 0.085120 0.152316
0.548282 0.149041 0.026666 0.122680 0.153330
0.572082 0.119101 0.034039 0.059977 0.214801
0.544897 0.162895 0.027725 0.080299 0.184184
0.560095 0.114151 0.034523 0.114547 0.176684
0.570496 0.134694 0.042572 0.066039 0.186200
0.563398 0.141057 0.033059 0.080054 0.182432
0.576464 0.135150 0.033373 0.108633 0.146380
0.555182 0.154589 0.037619 0.070634 0.181976
0.542420 0.159779 0.040755 0.080414 0.176631
0.639995 0.284468 0.036577 0.029119 0.009841
0.633685 0.258054 0.017111 0.046430 0.044720
0.626375 0.236756 0.020212 0.065295 0.051363
0.002435 0.619329 0.012193 0.041797 0.324246
0.000010 0.639920 0.011328 0.053928 0.294814
0.000010 0.655991 0.007214 0.044548 0.292237
0.000010 0.683500 0.009053 0.022790 0.284647
0.000010 0.655849 0.009272 0.036509 0.298360
0.000010 0.660187 0.011018 0.048664 0.280120
0.000010 0.629929 0.011146 0.031821 0.327094
0.028210 0.592117 0.000010 0.077614 0.302049
0.010998 0.612256 0.000010 0.062813 0.313924
0.018739 0.665261 0.001350 0.047583 0.267066
0.000010 0.672983 0.014915 0.024581 0.287511
0.030780 0.636449 0.001828 0.048703 0.282240
0.000010 0.652836 0.000010 0.042807 0.304337
0.009083 0.679848 0.007261 0.040313 0.263494
0.008298 0.651046 0.003016 0.033714 0.303926
0.015747 0.658055 0.000010 0.036158 0.290031
0.000010 0.651881 0.004169 0.041820 0.302120
0.000010 0.623336 0.010161 0.042921 0.323572
0.000010 0.636279 0.000010 0.065498 0.298203
0.014510 0.649948 0.000010 0.034753 0.300778
0.000010 0.654563 0.000010 0.044922 0.300496
0.019871 0.655813 0.000010 0.052967 0.271339
0.000010 0.637396 0.002575 0.029581 0.330438
0.279512 0.610908 0.000010 0.021959 0.087612
0.272089 0.576745 0.007423 0.051514 0.092229
0.233088 0.614461 0.006474 0.062247 0.083730
0.238822 0.647433 0.007155 0.029012 0.077577
0.300660 0.595242 0.005528 0.037744 0.060826
0.279004 0.618784 0.000010 0.021657 0.080545
0.239811 0.590642 0.002173 0.044957 0.122417
0.237353 0.609883 0.000010 0.036764 0.115990
0.265544 0.585151 0.000010 0.057619 0.091675
0.270018 0.621816 0.005601 0.023187 0.079379
0.276709 0.582577 0.000593 0.038069 0.102052
0.267092 0.610300 0.000010 0.053507 0.069091
0.226246 0.700635 0.000780 0.039293 0.033046
0.245119 0.571478 0.000010 0.054473 0.128920
0.292140 0.248085 0.022051 0.045000 0.392724
0.326750 0.228674 0.008893 0.031092 0.404591
0.307943 0.244696 0.007623 0.073032 0.366706
0.279251 0.231213 0.020518 0.057126 0.411892
0.321222 0.255495 0.015047 0.045247 0.362989
0.283120 0.289396 0.013095 0.053777 0.360613
0.304212 0.203708 0.009883 0.094084 0.388113
0.313961 0.251958 0.008891 0.050963 0.374228
0.286202 0.236156 0.010843 0.083357 0.383441
0.294215 0.258154 0.003379 0.064867 0.379384
0.316007 0.270344 0.019904 0.059145 0.334601
0.284152 0.231455 0.022461 0.066076 0.395857
0.303435 0.251208 0.005046 0.067428 0.372882
0.289686 0.243495 0.018802 0.074746 0.373272
0.293722 0.266748 0.010701 0.045740 0.383089
0.311151 0.244610 0.019935 0.044327 0.379977
0.264879 0.205781 0.015046 0.122883 0.391411
0.293800 0.371487 0.005305 0.048257 0.281151
0.297277 0.338499 0.000010 0.017067 0.347148
0.286702 0.346067 0.002493 0.041540 0.323197
0.314339 0.344790 0.000010 0.027731 0.313130
0.261029 0.380322 0.011286 0.006893 0.340469
0.312995 0.388152 0.000010 0.010038 0.288805
0.331656 0.324383 0.000010 0.011524 0.332428
0.317076 0.368562 0.001705 0.010818 0.301840
0.299565 0.361471 0.004930 0.040125 0.293910
0.303910 0.331730 0.010858 0.036563 0.316940
0.293701 0.346387 0.002293 0.018016 0.339603
0.284735 0.375664 0.000010 0.056597 0.282994
0.253576 0.387303 0.000010 0.054278 0.304832
0.267251 0.384823 0.005955 0.043197 0.298773
0.306664 0.389101 0.008319 0.014237 0.281678
0.266939 0.352613 0.000010 0.027654 0.352785
0.236300 0.659594 0.005505 0.004856 0.093745
0.226686 0.616677 0.000560 0.058510 0.097568
0.266762 0.653123 0.005510 0.025210 0.049395
0.241697 0.608847 0.008969 0.005788 0.134699
0.272505 0.598097 0.001046 0.031575 0.096777
0.271407 0.642398 0.000010 0.021346 0.064838
0.242707 0.595529 0.002858 0.033160 0.125747
0.292372 0.608005 0.000010 0.009265 0.090349
0.253841 0.675611 0.002105 0.002717 0.065726
0.252469 0.581154 0.000010 0.057688 0.108680
0.253737 0.631521 0.000010 0.029309 0.085424
0.284895 0.630864 0.000010 0.000010 0.084220
0.242308 0.668521 0.000640 0.030561 0.057969
0.260907 0.613306 0.003087 0.040495 0.082204
0.258566 0.651078 0.015940 0.034569 0.039847
0.227825 0.614390 0.010873 0.010350 0.136562
0.282741 0.650836 0.004170 0.014579 0.047676
0.244677 0.630274 0.005783 0.027781 0.091484
0.251738 0.664512 0.011590 0.000010 0.072150
0.235507 0.663909 0.011889 0.000010 0.088684
0.252478 0.604724 0.000010 0.028970 0.113818
0.227537 0.697701 0.008960 0.000010 0.065792
0.292514 0.411917 0.000010 0.008905 0.286655
0.262551 0.662266 0.008368 0.000010 0.066804
0.258187 0.590221 0.007082 0.036292 0.108218
0.245796 0.594163 0.004575 0.051147 0.104319
0.249501 0.648467 0.000010 0.065472 0.036551
0.224233 0.658449 0.005258 0.002107 0.109953
0.245662 0.600629 0.006570 0.007356 0.139783
0.249600 0.635783 0.003342 0.012422 0.098853
0.253928 0.658874 0.000010 0.063021 0.024166
0.310518 0.538222 0.000010 0.000010 0.151240
0.265746 0.603770 0.000010 0.031328 0.099147
0.262075 0.607694 0.007690 0.023359 0.099183
0.246323 0.611588 0.000010 0.075421 0.066658
0.309655 0.599523 0.000838 0.030148 0.059836
0.234716 0.600778 0.003324 0.039833 0.121349
0.299716 0.614464 0.000859 0.010640 0.074320
0.243815 0.662196 0.002171 0.017435 0.074383
0.231158 0.626063 0.002122 0.008241 0.132415
0.271964 0.645345 0.001357 0.000445 0.080889
0.244047 0.602312 0.000010 0.026670 0.126962
0.255535 0.625325 0.003361 0.004145 0.111634
0.322845 0.147802 0.002724 0.000010 0.526620
0.334842 0.192783 0.003966 0.000010 0.468399
0.315110 0.210151 0.005145 0.002607 0.466987
0.303024 0.202462 0.014899 0.000010 0.479604
0.283840 0.202246 0.006121 0.000010 0.507783
0.347784 0.179412 0.001878 0.000010 0.470916
0.305702 0.143948 0.002493 0.000010 0.547847
0.337554 0.196789 0.001230 0.000010 0.464416
0.294937 0.210556 0.000010 0.000010 0.494487
0.296110 0.200164 0.001190 0.009293 0.493243
0.316075 0.126271 0.000010 0.000010 0.557634
0.323377 0.204392 0.001174 0.000010 0.471047
0.301828 0.214291 0.003593 0.028530 0.451758
0.307345 0.204902 0.003414 0.000010 0.484330
0.330487 0.203371 0.011385 0.033398 0.421358
0.348280 0.238122 0.008380 0.011683 0.393535
0.357432 0.317022 0.009407 0.031389 0.284749
0.329611 0.176688 0.010084 0.008432 0.475185
0.297117 0.253026 0.003613 0.000010 0.446234
0.358876 0.023217 0.043308 0.191951 0.382649
0.632512 0.159027 0.087976 0.068254 0.052232
0.356881 0.035444 0.027827 0.160828 0.419020
0.666725 0.173362 0.099517 0.060386 0.000010
0.224127 0.011506 0.000010 0.548229 0.216129
0.000010 0.000010 0.000010 0.999960 0.000010
0.235061 0.010225 0.019299 0.483651 0.251763
0.160395 0.007064 0.000010 0.659013 0.173518
0.193640 0.025042 0.018235 0.551776 0.211308
0.398519 0.022591 0.039220 0.149988 0.389682
0.268422 0.000010 0.017653 0.437852 0.276063
0.145115 0.000010 0.017131 0.690998 0.146746
0.362605 0.045216 0.033523 0.211223 0.347433
0.000010 0.000010 0.000010 0.999960 0.000010
0.123021 0.000010 0.000010 0.829575 0.047384
0.305839 0.031196 0.034227 0.350401 0.278337
0.230446 0.037434 0.007603 0.503637 0.220880
0.184252 0.006436 0.024519 0.624520 0.160272
0.110358 0.017632 0.014309 0.716512 0.141190
0.042197 0.000010 0.000010 0.867955 0.089828
0.000010 0.000010 0.000010 0.999960 0.000010
0.382704 0.052818 0.082501 0.085610 0.396367
0.144671 0.013032 0.015271 0.683541 0.143485
0.267341 0.011981 0.036382 0.362917 0.321380
0.388300 0.042845 0.031653 0.112863 0.424339
0.311022 0.055675 0.029380 0.319515 0.284408
0.000010 0.000010 0.000010 0.999960 0.000010
0.266190 0.026210 0.033493 0.380259 0.293849
0.000010 0.000010 0.000010 0.999960 0.000010
0.332941 0.040265 0.031436 0.296822 0.298536
0.257756 0.048624 0.033686 0.386756 0.273179
0.369882 0.069608 0.030658 0.175401 0.354451
0.013259 0.000010 0.000010 0.922073 0.064648
0.000010 0.000010 0.000010 0.999960 0.000010
0.109609 0.019541 0.000010 0.752882 0.117957
0.256647 0.000010 0.018732 0.441844 0.282767
0.174589 0.042120 0.007965 0.652269 0.123058
0.363391 0.017580 0.028319 0.203466 0.387243
0.255222 0.010221 0.022530 0.458279 0.253749
0.209821 0.029815 0.000010 0.595797 0.164556
0.364563 0.010184 0.020744 0.154527 0.449982
0.204047 0.000010 0.021601 0.550594 0.223748
0.392975 0.052852 0.017248 0.172885 0.364040
0.000010 0.000010 0.000010 0.999960 0.000010
0.243511 0.023373 0.032001 0.387688 0.313427
0.276596 0.253365 0.022440 0.053219 0.394380
0.269299 0.255220 0.029513 0.065349 0.380618
0.251736 0.263811 0.026733 0.067896 0.389824
0.272637 0.260769 0.019969 0.058667 0.387957
0.282475 0.248272 0.020562 0.092299 0.356392
0.246933 0.278536 0.018816 0.052664 0.403051
0.264265 0.270479 0.022749 0.067630 0.374877
0.261879 0.289368 0.024305 0.049348 0.375100
0.282419 0.305661 0.022118 0.040426 0.349376
0.285385 0.267801 0.018725 0.068649 0.359441
0.280729 0.274770 0.026908 0.062760 0.354834
0.276000 0.249926 0.022148 0.020904 0.431021
0.286433 0.273621 0.019422 0.058114 0.362410
0.346091 0.181873 0.005885 0.000010 0.466141
0.290845 0.285082 0.002006 0.000357 0.421711
0.312638 0.306777 0.007894 0.000010 0.372681
0.300329 0.309316 0.004549 0.000010 0.385797
0.298868 0.332886 0.010868 0.018248 0.339130
0.330315 0.306332 0.000010 0.006346 0.356997
0.325684 0.291849 0.011637 0.000010 0.370821
0.274469 0.361865 0.002752 0.047485 0.313429
0.286441 0.404189 0.003447 0.001775 0.304148
0.285916 0.334311 0.000396 0.010450 0.368927
0.330941 0.348292 0.005614 0.016565 0.298589
0.320241 0.330534 0.005066 0.000010 0.344149
0.303988 0.302569 0.000010 0.000010 0.393423
0.305654 0.353057 0.000010 0.021056 0.320223
0.312266 0.333516 0.008143 0.041974 0.304102
0.302130 0.277489 0.004576 0.039779 0.376026
0.312193 0.336934 0.011315 0.002065 0.337492
0.296383 0.348002 0.000010 0.032202 0.323404
0.288162 0.322443 0.007284 0.036412 0.345699
0.287944 0.287485 0.000010 0.015742 0.408819
0.309414 0.329922 0.015113 0.007303 0.338248
0.274543 0.318119 0.002650 0.000010 0.404678
0.299845 0.316224 0.014604 0.000010 0.369317
0.313754 0.349649 0.000010 0.020739 0.315848
0.321943 0.373415 0.005999 0.048489 0.250154
0.286272 0.360353 0.014907 0.032021 0.306447
0.302302 0.317801 0.019449 0.031909 0.328539
0.261376 0.337357 0.033738 0.059147 0.308383
0.278254 0.382534 0.000010 0.018134 0.321068
0.281514 0.329181 0.008743 0.043466 0.337095
0.298244 0.372756 0.013426 0.001718 0.313855
0.259638 0.379872 0.000010 0.048853 0.311626
0.308321 0.343401 0.000010 0.062890 0.285378
0.273835 0.329967 0.000010 0.013173 0.383016
0.287648 0.386886 0.000768 0.053134 0.271564
0.274354 0.347567 0.004156 0.058782 0.315141
0.284222 0.350952 0.015953 0.040750 0.308124
0.316570 0.290499 0.000010 0.026542 0.366379
0.276029 0.365981 0.006360 0.025187 0.326442
0.283057 0.366642 0.001912 0.025999 0.322390
0.292837 0.335904 0.017309 0.051350 0.302600
0.302382 0.327763 0.000700 0.034063 0.335092
0.285100 0.356147 0.014628 0.044835 0.299291
0.323751 0.353102 0.007774 0.022523 0.292850
0.261387 0.438098 0.000010 0.021775 0.278731
0.194171 0.646510 0.000010 0.030536 0.128773
0.161345 0.588403 0.005307 0.028150 0.216795
0.153642 0.609883 0.009482 0.052054 0.174940
0.169341 0.611741 0.014108 0.044852 0.159958
0.177781 0.650980 0.006222 0.038917 0.126101
0.193519 0.580361 0.009043 0.036411 0.180667
0.172428 0.630707 0.015200 0.011066 0.170598
0.126386 0.666557 0.006581 0.040036 0.160440
0.201917 0.695854 0.008815 0.043961 0.049453
0.209360 0.513821 0.022259 0.043862 0.210699
0.158004 0.586955 0.002623 0.056060 0.196358
0.173662 0.611688 0.000010 0.017391 0.197249
0.160773 0.662491 0.000010 0.042510 0.134216
0.131744 0.617037 0.004051 0.058183 0.188985
0.174284 0.607247 0.013161 0.019009 0.186299
0.201279 0.654944 0.000010 0.034849 0.108918
0.166344 0.638576 0.009125 0.035579 0.150377
0.197247 0.643240 0.010666 0.027806 0.121041
0.182634 0.603652 0.000010 0.071593 0.142111
0.197145 0.582795 0.000010 0.024723 0.195327
0.210560 0.678056 0.000010 0.033634 0.077740
0.171439 0.656945 0.003662 0.029313 0.138642
0.210319 0.682991 0.000523 0.021078 0.085090
0.184369 0.558179 0.006052 0.013567 0.237834
0.176784 0.601475 0.001192 0.030408 0.190142
0.194489 0.587308 0.004523 0.012796 0.200884
0.165374 0.615581 0.015196 0.012754 0.191096
0.649140 0.069524 0.006526 0.018071 0.256738
0.641594 0.061201 0.000010 0.067149 0.230045
0.592345 0.110117 0.000753 0.060588 0.236197
0.580344 0.088870 0.003448 0.047970 0.279368
0.616680 0.124218 0.000010 0.075207 0.183886
0.685941 0.070301 0.002016 0.036323 0.205419
0.646639 0.094564 0.000010 0.025101 0.233686
0.674536 0.075358 0.000931 0.026382 0.222793
0.694275 0.121802 0.000010 0.050570 0.133343
0.655764 0.111269 0.000010 0.081967 0.150989
0.641925 0.102924 0.000010 0.037845 0.217296
0.676376 0.077016 0.000010 0.020592 0.226006
0.676281 0.104419 0.000010 0.021576 0.197714
0.662286 0.065218 0.000584 0.056550 0.215363
0.688557 0.074641 0.006525 0.022595 0.207682
0.662645 0.120624 0.000010 0.043506 0.173215
0.659019 0.136007 0.000010 0.036982 0.167982
0.689616 0.089510 0.000010 0.032068 0.188797
0.674991 0.134457 0.007556 0.004655 0.178341
0.675316 0.087483 0.000010 0.000010 0.237182
0.698512 0.121658 0.000010 0.017346 0.162474
0.587581 0.192518 0.008580 0.085693 0.125627
0.675694 0.092704 0.000010 0.076892 0.154699
0.581444 0.280988 0.001249 0.023818 0.112501
0.682441 0.108572 0.000010 0.042220 0.166758
0.676311 0.130140 0.000010 0.028939 0.164600
0.682247 0.071293 0.000010 0.029101 0.217349
0.704515 0.117950 0.002024 0.040018 0.135494
0.575861 0.262575 0.005949 0.000010 0.155605
0.208477 0.672801 0.007495 0.048269 0.062959
0.208226 0.719397 0.004518 0.000010 0.067849
0.205802 0.753601 0.007302 0.033285 0.000010
0.232463 0.679427 0.000553 0.035527 0.052030
0.236175 0.728652 0.000010 0.024720 0.010443
0.215515 0.746963 0.000010 0.037501 0.000010
0.231761 0.713903 0.001046 0.000010 0.053280
0.221044 0.741013 0.005346 0.031390 0.001207
0.206388 0.736272 0.002683 0.027046 0.027611
0.221701 0.666665 0.007388 0.019622 0.084625
0.277725 0.698415 0.004352 0.019498 0.000010
0.252190 0.721738 0.000010 0.021564 0.004499
0.225222 0.745883 0.009083 0.008252 0.011559
0.222425 0.745408 0.008222 0.019261 0.004684
0.263706 0.729544 0.006730 0.000010 0.000010
0.231146 0.720247 0.006093 0.031874 0.010639
0.221684 0.719228 0.005466 0.027604 0.026018
0.234064 0.688789 0.010427 0.013161 0.053558
0.244029 0.696292 0.000293 0.030916 0.028470
0.204935 0.734731 0.002988 0.057336 0.000010
0.236153 0.727910 0.000010 0.000010 0.035917
0.259820 0.676596 0.000010 0.006340 0.057234
0.215095 0.653297 0.004923 0.050723 0.075963
0.210428 0.672859 0.004996 0.025092 0.086626
0.203320 0.706956 0.004099 0.042564 0.043061
0.241510 0.683631 0.004688 0.044267 0.025904
0.210852 0.763685 0.006669 0.018784 0.000010
0.216793 0.698664 0.008939 0.016418 0.059186
0.232593 0.614130 0.005061 0.000010 0.148206
0.227419 0.760708 0.001110 0.008361 0.002401
0.181051 0.739610 0.000010 0.066745 0.012584
0.212667 0.713554 0.001727 0.018108 0.053944
0.217073 0.684624 0.000010 0.016968 0.081325
0.237877 0.665593 0.007654 0.019152 0.069725
0.270231 0.338729 0.003637 0.050608 0.336795
0.309699 0.261123 0.008032 0.031409 0.389737
0.326317 0.310147 0.000010 0.043067 0.320459
0.255060 0.364327 0.003660 0.057658 0.319295
0.313739 0.360497 0.000010 0.009552 0.316202
0.305991 0.357036 0.000364 0.000010 0.336599
0.278805 0.390905 0.005789 0.017443 0.307058
0.285300 0.371171 0.003907 0.041412 0.298210
0.246254 0.380641 0.000010 0.060303 0.312793
0.284054 0.398829 0.008167 0.025924 0.283025
0.307775 0.328165 0.000010 0.026011 0.338040
0.268680 0.405566 0.000010 0.005404 0.320341
0.264312 0.345164 0.004909 0.048215 0.337400
0.291438 0.309553 0.000010 0.053016 0.345983
0.241583 0.385779 0.004978 0.057002 0.310659
0.260054 0.391016 0.009747 0.019701 0.319481
0.334116 0.264662 0.012112 0.033300 0.355811
0.381911 0.247728 0.000010 0.046506 0.323845
0.308878 0.254995 0.000010 0.079987 0.356130
0.278466 0.376588 0.000010 0.041151 0.303785
0.330470 0.371848 0.008256 0.045021 0.244406
0.292206 0.358842 0.002913 0.026527 0.319512
0.322571 0.252883 0.006136 0.068364 0.350046
0.328711 0.305738 0.000010 0.043921 0.321620
0.288476 0.412571 0.000010 0.024068 0.274875
0.262406 0.400824 0.002671 0.038452 0.295648
0.330571 0.327488 0.003620 0.047287 0.291035
0.292291 0.292416 0.000560 0.063572 0.351160
0.294299 0.414402 0.000257 0.008425 0.282617
0.312754 0.274572 0.005747 0.069162 0.337765
0.529823 0.056480 0.000978 0.075314 0.337404
0.297456 0.470190 0.011373 0.008111 0.212871
0.315034 0.448191 0.000010 0.049460 0.187305
0.267711 0.447823 0.000010 0.054618 0.229838
0.367510 0.237002 0.000010 0.056210 0.339268
0.322364 0.286870 0.019503 0.045385 0.325878
0.292811 0.441821 0.004126 0.023978 0.237264
0.280142 0.394446 0.001836 0.030897 0.292679
0.275379 0.397907 0.009061 0.036872 0.280781
0.306624 0.337794 0.000010 0.036857 0.318715
0.301126 0.374340 0.001938 0.043053 0.279543
0.340819 0.337644 0.022643 0.071635 0.227258
0.306743 0.350717 0.005952 0.016092 0.320496
0.292970 0.307695 0.006675 0.000010 0.392650
0.282826 0.324217 0.006540 0.075760 0.310658
0.343459 0.361374 0.004270 0.000010 0.290887
0.270400 0.378459 0.000010 0.070416 0.280715
0.274925 0.402050 0.006317 0.036913 0.279795
0.272822 0.416610 0.000273 0.029285 0.281010
0.284269 0.398950 0.004308 0.038189 0.274285
0.288024 0.399118 0.007516 0.012183 0.293159
0.259997 0.462968 0.000636 0.039072 0.237326
0.264340 0.422420 0.007528 0.035016 0.270695
0.245348 0.424437 0.000010 0.037059 0.293145
0.284672 0.356015 0.003082 0.037799 0.318432
0.272444 0.405937 0.005142 0.063669 0.252808
0.239382 0.651778 0.001957 0.053281 0.053601
0.245902 0.626125 0.016441 0.007894 0.103637
0.291280 0.638800 0.010687 0.029570 0.029663
0.221507 0.697536 0.000010 0.031895 0.049052
0.235677 0.646392 0.004853 0.032270 0.080808
0.240002 0.656274 0.010256 0.000010 0.093458
0.232318 0.635295 0.005990 0.033684 0.092712
0.259535 0.641206 0.013305 0.038422 0.047532
0.230954 0.626721 0.005574 0.029465 0.107287
0.221283 0.626992 0.001819 0.055342 0.094563
0.253190 0.654067 0.000845 0.027803 0.064095
0.272971 0.601051 0.003827 0.000010 0.122141
0.234129 0.678031 0.015241 0.072588 0.000010
0.257766 0.667360 0.011363 0.045735 0.017776
0.272242 0.661369 0.004285 0.022315 0.039789
0.220523 0.682397 0.007361 0.049041 0.040678
0.244333 0.677328 0.007906 0.025570 0.044863
0.259544 0.628402 0.008865 0.036249 0.066941
0.227092 0.662771 0.009458 0.071154 0.029524
0.107610 0.523687 0.028714 0.005837 0.334151
0.097110 0.502903 0.019209 0.050870 0.329909
0.084092 0.545253 0.018881 0.067150 0.284624
0.134250 0.510649 0.025692 0.053667 0.275743
0.078315 0.598378 0.008907 0.079783 0.234617
0.046671 0.618850 0.007222 0.060697 0.266561
0.069583 0.629163 0.015991 0.039300 0.245963
0.055038 0.652856 0.001114 0.036739 0.254253
0.138342 0.512529 0.018994 0.020033 0.310103
0.113025 0.527917 0.026338 0.051590 0.281130
0.102170 0.544176 0.028968 0.057699 0.266987
0.132608 0.568874 0.014676 0.030267 0.253575
0.091718 0.529078 0.031365 0.066392 0.281446
0.140974 0.557292 0.023378 0.003808 0.274549
0.104315 0.530037 0.016989 0.033483 0.315175
0.065758 0.542124 0.005233 0.072711 0.314174
0.106697 0.559021 0.018030 0.026589 0.289662
0.115399 0.490385 0.030851 0.036030 0.327335
0.175978 0.511104 0.022040 0.000010 0.290869
0.107701 0.538645 0.017381 0.056633 0.279640
0.115570 0.528602 0.026747 0.087051 0.242031
0.154524 0.479412 0.026333 0.020301 0.319430
0.140281 0.502437 0.024075 0.033784 0.299423
0.138307 0.501954 0.025874 0.013864 0.320001
0.141426 0.469588 0.018908 0.059935 0.310144
0.094206 0.422968 0.053958 0.065112 0.363756
0.159742 0.482727 0.006127 0.037108 0.314295
0.149265 0.548673 0.039896 0.045621 0.216545
0.110674 0.508481 0.048348 0.038999 0.293498
0.115730 0.554975 0.020628 0.016783 0.291885
0.047548 0.554832 0.012906 0.106995 0.277720
0.128433 0.535005 0.019240 0.022427 0.294895
0.106224 0.553758 0.017959 0.039934 0.282125
0.096017 0.524895 0.006446 0.041247 0.331396
0.140867 0.535096 0.038769 0.007274 0.277994
0.112564 0.467494 0.052149 0.046307 0.321487
0.103404 0.485769 0.022589 0.063638 0.324601
0.030926 0.628647 0.002567 0.045700 0.292160
0.138689 0.501589 0.033195 0.028985 0.297541
0.121513 0.478758 0.026384 0.026605 0.346740
0.086567 0.549106 0.032097 0.054447 0.277783
0.132300 0.516155 0.033327 0.014292 0.303926
0.125270 0.522222 0.026058 0.061517 0.264934
0.105125 0.565190 0.012662 0.006639 0.310384
0.112570 0.509629 0.018193 0.058144 0.301463
0.113344 0.494844 0.025345 0.094736 0.271731
0.067881 0.545314 0.013612 0.068867 0.304326
0.094275 0.550903 0.015596 0.043488 0.295737
0.122549 0.549309 0.006020 0.029186 0.292936
0.146381 0.566801 0.002974 0.011058 0.272785
0.067045 0.537897 0.020545 0.081303 0.293209
0.115055 0.486136 0.030860 0.071429 0.296519
0.144801 0.541688 0.009996 0.031526 0.271989
0.131164 0.560880 0.013509 0.043981 0.250465
0.134728 0.528466 0.014526 0.020969 0.301311
0.145699 0.548004 0.004857 0.031480 0.269960
0.161703 0.548942 0.006350 0.002915 0.280090
0.121307 0.481607 0.027700 0.057740 0.311647
0.141847 0.524157 0.010446 0.030723 0.292828
0.130580 0.528730 0.040193 0.025526 0.274970
0.465428 0.025709 0.162311 0.076218 0.270334
0.575759 0.131771 0.038699 0.102196 0.151576
0.603023 0.103845 0.043375 0.084873 0.164884
0.575836 0.118211 0.031348 0.089825 0.184781
0.560875 0.082988 0.051343 0.078987 0.225807
0.467020 0.074386 0.083194 0.132587 0.242813
0.501321 0.093966 0.172111 0.084482 0.148119
0.554856 0.188766 0.024152 0.115825 0.116400
0.537334 0.098363 0.077242 0.097041 0.190020
0.589677 0.131585 0.043379 0.093222 0.142137
0.575429 0.087637 0.036481 0.098583 0.201871
0.412319 0.055694 0.106615 0.113057 0.312314
0.602021 0.145646 0.031719 0.064430 0.156183
0.572108 0.072361 0.050996 0.103545 0.200991
0.600849 0.127363 0.039246 0.063391 0.169152
0.592737 0.118710 0.058530 0.056920 0.173103
0.592863 0.125758 0.043104 0.053442 0.184833
0.531322 0.163226 0.045108 0.091687 0.168656
0.552315 0.136269 0.052035 0.081572 0.177808
0.378769 0.000010 0.110721 0.088024 0.422476
0.404683 0.036445 0.078890 0.094364 0.385617
0.383664 0.010329 0.085821 0.116045 0.404141
0.350128 0.058225 0.098978 0.078200 0.414469
0.366204 0.000010 0.093733 0.109178 0.430875
0.360272 0.027620 0.103790 0.114368 0.393950
0.417217 0.036793 0.078309 0.096759 0.370922
0.407969 0.036079 0.089659 0.102031 0.364262
0.189997 0.000010 0.545821 0.047261 0.216912
0.362616 0.026095 0.079882 0.070325 0.461082
0.360787 0.000010 0.126822 0.078291 0.434089
0.336074 0.048041 0.101681 0.137695 0.376508
0.439104 0.064803 0.080036 0.095584 0.320474
0.353806 0.014698 0.070375 0.116324 0.444797
0.362137 0.027960 0.103194 0.119590 0.387119
0.430302 0.016269 0.070594 0.094250 0.388584
0.369188 0.000010 0.088986 0.139094 0.402723
0.383056 0.036474 0.087677 0.070419 0.422373
0.389407 0.005285 0.079497 0.086561 0.439250
0.373425 0.026309 0.089980 0.116788 0.393498
0.266881 0.433577 0.000010 0.029365 0.270166
0.268011 0.435852 0.000010 0.009258 0.286870
0.284522 0.402642 0.000010 0.019299 0.293527
0.293087 0.413665 0.008917 0.000010 0.284321
0.303403 0.437084 0.003529 0.013326 0.242658
0.247497 0.480670 0.000010 0.007635 0.264188
0.269105 0.424108 0.004634 0.000010 0.302142
0.279972 0.433129 0.000010 0.006501 0.280388
0.280215 0.429438 0.000010 0.029201 0.261136
0.611804 0.326047 0.019987 0.042151 0.000010
0.634979 0.298029 0.014850 0.041286 0.010856
0.544198 0.339626 0.018932 0.062652 0.034593
0.301815 0.335209 0.002430 0.000010 0.360537
0.267060 0.353156 0.010770 0.014133 0.354880
0.286690 0.349004 0.000010 0.039208 0.325088
0.335634 0.288446 0.003620 0.040119 0.332180
0.284833 0.347649 0.014697 0.033583 0.319238
0.276250 0.368934 0.002326 0.000010 0.352481
0.285455 0.363285 0.001233 0.026051 0.323976
0.251553 0.419213 0.004251 0.006882 0.318101
0.292357 0.263746 0.076584 0.034650 0.332662
0.335608 0.316776 0.005285 0.006692 0.335639
0.289226 0.284703 0.008008 0.041799 0.376264
0.321338 0.293555 0.000463 0.042276 0.342369
0.323250 0.309335 0.000010 0.011597 0.355808
0.273371 0.389586 0.000010 0.035561 0.301471
0.304603 0.377144 0.002917 0.051450 0.263886
0.256677 0.366786 0.003955 0.021801 0.350781
0.327524 0.362197 0.006942 0.020152 0.283185
0.306234 0.366487 0.013655 0.007479 0.306144
0.291454 0.296101 0.015579 0.033650 0.363216
0.313186 0.260492 0.000010 0.045966 0.380345
0.326225 0.272465 0.004593 0.000010 0.396706
0.299226 0.318989 0.009182 0.016529 0.356073
0.400922 0.043824 0.048307 0.099364 0.407583
0.414096 0.082323 0.049023 0.079664 0.374894
0.438203 0.098535 0.050317 0.118007 0.294938
0.656435 0.296672 0.010848 0.036035 0.000010
0.646754 0.295188 0.012547 0.045501 0.000010
0.659365 0.298853 0.009219 0.024004 0.008558
0.662459 0.276815 0.003444 0.057272 0.000010
0.661050 0.286506 0.015905 0.023615 0.012925
0.684092 0.286630 0.000010 0.029258 0.000010
0.647588 0.309290 0.014825 0.028010 0.000287
0.622092 0.296939 0.016249 0.059536 0.005185
0.655862 0.314058 0.012038 0.018032 0.000010
0.672183 0.279705 0.007833 0.040269 0.000010
0.640577 0.292609 0.009664 0.038781 0.018370
0.655571 0.282731 0.013556 0.048132 0.000010
0.631781 0.300645 0.007898 0.059666 0.000010
0.639684 0.274699 0.017389 0.055626 0.012602
0.660424 0.270682 0.017693 0.051192 0.000010
0.648412 0.323116 0.011657 0.016804 0.000010
0.659638 0.310218 0.006230 0.023904 0.000010
0.668343 0.289256 0.013308 0.029083 0.000010
0.632127 0.324332 0.009849 0.033682 0.000010
0.192546 0.495865 0.000737 0.053344 0.257508
0.166311 0.503350 0.000010 0.015581 0.314747
0.185599 0.466231 0.008777 0.048978 0.290415
0.171176 0.458296 0.006136 0.062270 0.302122
0.168027 0.462018 0.013240 0.056177 0.300537
0.193988 0.454027 0.010464 0.023267 0.318254
0.181744 0.471052 0.000010 0.049533 0.297660
0.181788 0.470537 0.000010 0.042375 0.305290
0.236328 0.423274 0.000010 0.016914 0.323474
0.156194 0.482101 0.000010 0.059100 0.302595
0.170496 0.452415 0.005267 0.039508 0.332314
0.170242 0.452696 0.000010 0.029875 0.347178
0.276056 0.451013 0.006560 0.021450 0.244921
0.267910 0.603410 0.000010 0.030272 0.098398
0.290803 0.520900 0.007891 0.019844 0.160561
0.271381 0.545770 0.005582 0.044683 0.132584
0.254659 0.454317 0.000010 0.040486 0.250528
0.235555 0.514092 0.000938 0.073605 0.175810
0.248256 0.484415 0.001471 0.062834 0.203025
0.301272 0.500293 0.003872 0.016444 0.178120
0.261732 0.541359 0.000010 0.042926 0.153973
0.255014 0.492347 0.003089 0.052266 0.197284
0.308253 0.493557 0.000668 0.025999 0.171523
0.273941 0.501341 0.008856 0.057646 0.158216
0.250914 0.524846 0.005415 0.061950 0.156875
0.272586 0.527306 0.013498 0.005449 0.181161
0.279098 0.365681 0.009725 0.028505 0.316991
0.302529 0.423638 0.004424 0.012743 0.256666
0.346189 0.308928 0.012857 0.032002 0.300024
0.306507 0.325313 0.000010 0.025721 0.342450
0.279293 0.328331 0.001896 0.061917 0.328563
0.262822 0.396603 0.000010 0.030691 0.309873
0.315979 0.351192 0.010007 0.036246 0.286576
0.234513 0.378435 0.000754 0.041241 0.345057
0.273929 0.368538 0.006997 0.036085 0.314451
0.265690 0.405467 0.001446 0.034688 0.292709
0.304756 0.356696 0.006530 0.034441 0.297577
0.268573 0.370881 0.010631 0.013299 0.336616
0.293245 0.371810 0.006662 0.005011 0.323271
0.291217 0.339432 0.000010 0.042843 0.326498
0.303836 0.347542 0.000010 0.033640 0.314971
0.266931 0.362265 0.004528 0.062861 0.303415
0.319476 0.313588 0.006108 0.003246 0.357582
0.299800 0.344696 0.003373 0.000010 0.352121
0.294390 0.339277 0.005937 0.060910 0.299486
0.299565 0.350971 0.006253 0.014479 0.328733
0.278435 0.371013 0.009362 0.036239 0.304950
0.271268 0.372738 0.000010 0.033310 0.322674
0.291699 0.372356 0.000010 0.032734 0.303202
0.293605 0.360382 0.002430 0.062770 0.280813
0.345476 0.365418 0.011367 0.027855 0.249885
0.283279 0.527425 0.000630 0.000010 0.188656
0.273767 0.598088 0.001097 0.000010 0.127038
0.254048 0.603098 0.006017 0.049363 0.087474
0.221758 0.562499 0.000553 0.017052 0.198138
0.264525 0.569966 0.005918 0.064156 0.095435
0.291228 0.559160 0.000010 0.004816 0.144786
0.247772 0.548121 0.004080 0.031409 0.168617
0.306561 0.494310 0.000010 0.000010 0.199108
0.270292 0.539165 0.000010 0.001788 0.188745
0.237066 0.541981 0.000010 0.005031 0.215912
0.269784 0.550214 0.000010 0.052280 0.127713
0.234830 0.554473 0.000010 0.040709 0.169978
0.264350 0.550440 0.000010 0.000010 0.185191
0.276801 0.516992 0.002774 0.000010 0.203423
0.327242 0.311969 0.000010 0.015741 0.345037
0.268039 0.345247 0.000010 0.037306 0.349398
0.301141 0.321362 0.000010 0.007266 0.370221
0.307681 0.288371 0.000010 0.030102 0.373837
0.288907 0.300804 0.012124 0.039375 0.358789
0.323377 0.304451 0.000010 0.024625 0.347537
0.294983 0.347848 0.000010 0.009689 0.347471
0.314089 0.298056 0.000010 0.002296 0.385549
0.289257 0.324685 0.008299 0.015469 0.362290
0.643720 0.218287 0.016988 0.039998 0.081006
0.647896 0.247787 0.019086 0.063551 0.021681
0.617585 0.225036 0.017941 0.043863 0.095575
0.387679 0.029545 0.027460 0.095487 0.459828
0.386265 0.018239 0.023124 0.094932 0.477440
0.377570 0.000010 0.085475 0.073506 0.463439
0.354809 0.000010 0.087351 0.090370 0.467459
0.353792 0.000010 0.084152 0.071812 0.490234
0.385674 0.000010 0.083070 0.058013 0.473233
0.379990 0.000010 0.072081 0.078449 0.469470
0.380090 0.000010 0.113973 0.085584 0.420343
0.384982 0.000010 0.103317 0.091546 0.420145
0.347966 0.027860 0.091258 0.094203 0.438713
0.330682 0.000010 0.126738 0.085897 0.456672
0.340626 0.024505 0.108315 0.091286 0.435268
0.368611 0.000010 0.066180 0.087561 0.477639
0.373858 0.000281 0.085113 0.114602 0.426147
0.346321 0.000010 0.087080 0.104489 0.462099
0.334068 0.000010 0.104631 0.108174 0.453117
0.307427 0.000010 0.206408 0.064735 0.421420
0.377605 0.000010 0.080054 0.089716 0.452615
0.410989 0.000010 0.077721 0.077047 0.434232
0.405474 0.000010 0.083957 0.067377 0.443182
0.355094 0.000010 0.083404 0.076948 0.484544
0.348981 0.019197 0.100659 0.077907 0.453256
0.338330 0.030752 0.093480 0.083466 0.453972
0.380403 0.033888 0.089921 0.089839 0.405949
0.333358 0.033201 0.128944 0.092699 0.411798
0.373421 0.000010 0.085454 0.091293 0.449822
0.377263 0.000010 0.071836 0.104043 0.446848
0.387227 0.000010 0.096864 0.097063 0.418836
0.366357 0.000010 0.074597 0.095336 0.463700
0.352349 0.000010 0.095293 0.091665 0.460682
0.405949 0.003406 0.071580 0.065689 0.453376
0.284441 0.000010 0.123479 0.131662 0.460408
0.336455 0.000010 0.074248 0.078349 0.510937
0.364207 0.000010 0.088571 0.070098 0.477115
0.358842 0.000010 0.080281 0.135570 0.425297
0.349969 0.000010 0.090894 0.061342 0.497784
0.394235 0.000010 0.078453 0.094225 0.433077
0.353704 0.000010 0.073041 0.070028 0.503217
0.296864 0.010459 0.167399 0.089794 0.435484
0.375193 0.000010 0.116883 0.101730 0.406185
0.363027 0.000010 0.079664 0.070210 0.487089
0.351021 0.047642 0.099536 0.108030 0.393772
0.319135 0.000010 0.161180 0.108725 0.410950
0.382413 0.000010 0.083590 0.135352 0.398636
0.336512 0.000010 0.103600 0.083594 0.476284
0.289577 0.302205 0.004642 0.036147 0.367429
0.249740 0.276528 0.001707 0.062902 0.409123
0.269546 0.321455 0.004801 0.054795 0.349402
0.272386 0.289818 0.008370 0.031982 0.397444
0.309009 0.248879 0.000010 0.012718 0.429383
0.317439 0.233607 0.013206 0.005168 0.430580
0.326332 0.235123 0.000010 0.009082 0.429453
0.261197 0.311479 0.007139 0.046722 0.373463
0.299215 0.299811 0.015008 0.038846 0.347120
0.312652 0.301101 0.000070 0.075139 0.311038
0.330782 0.232455 0.000010 0.036396 0.400356
0.324734 0.272102 0.001885 0.008227 0.393052
0.285870 0.296602 0.005520 0.070534 0.341475
0.274448 0.285464 0.017348 0.062095 0.360644
0.288967 0.268294 0.006732 0.061168 0.374839
0.273253 0.264992 0.023117 0.077444 0.361194
0.276705 0.315233 0.008922 0.031487 0.367653
0.291466 0.329165 0.005538 0.039918 0.333912
0.268604 0.293139 0.010055 0.066031 0.362170
0.285072 0.294204 0.015981 0.041605 0.363138
0.284421 0.308118 0.008956 0.056275 0.342230
0.274817 0.296909 0.007533 0.063795 0.356946
0.261025 0.353288 0.009591 0.027127 0.348969
0.274432 0.297531 0.011523 0.039798 0.376716
0.291519 0.269733 0.009639 0.030297 0.398812
0.351041 0.267488 0.000010 0.029466 0.351995
0.249443 0.340170 0.008178 0.058333 0.343876
0.296822 0.279586 0.010794 0.075184 0.337614
0.268854 0.262726 0.020113 0.012571 0.435736
0.275964 0.308696 0.013602 0.022057 0.379681
0.304673 0.285598 0.012542 0.034620 0.362567
0.314692 0.309043 0.007020 0.034737 0.334507
0.330596 0.252905 0.000386 0.040382 0.375732
0.325783 0.287356 0.008190 0.003948 0.374724
0.289596 0.281667 0.012965 0.041868 0.373904
0.301724 0.310789 0.012996 0.032148 0.342344
0.276418 0.301425 0.010999 0.060753 0.350405
0.289106 0.292083 0.010659 0.015418 0.392734
0.286800 0.317502 0.001192 0.059933 0.334574
0.293493 0.269264 0.009869 0.064240 0.363134
0.295851 0.245856 0.008014 0.070786 0.379492
0.272183 0.301936 0.018536 0.037378 0.369967
0.301640 0.279467 0.017915 0.019991 0.380987
0.256866 0.287472 0.010479 0.042749 0.402434
0.308894 0.274695 0.015212 0.043919 0.357279
0.261954 0.306977 0.008736 0.063463 0.358870
0.267932 0.330321 0.031131 0.043388 0.327228
0.285342 0.357609 0.006813 0.050644 0.299591
0.301380 0.286700 0.015847 0.031931 0.364142
0.285520 0.298756 0.017769 0.051334 0.346621
0.232220 0.395846 0.005568 0.056693 0.309673
0.307512 0.300357 0.006099 0.055820 0.330213
0.290271 0.328113 0.000010 0.030086 0.351519
0.282374 0.303458 0.017775 0.063443 0.332950
0.318794 0.507307 0.096533 0.058309 0.019057
0.262492 0.336362 0.014255 0.065222 0.321669
0.342281 0.263095 0.013822 0.028387 0.352415
0.283391 0.288619 0.000056 0.089813 0.338121
0.288154 0.249000 0.002444 0.103919 0.356482
0.305164 0.235571 0.016417 0.042310 0.400538
0.263456 0.323429 0.000293 0.056312 0.356510
0.000010 0.326317 0.004657 0.004419 0.664598
0.000010 0.324260 0.000010 0.055499 0.620221
0.000010 0.398184 0.000010 0.053165 0.548631
0.000010 0.325695 0.000010 0.000010 0.674275
0.000010 0.338996 0.000010 0.038810 0.622175
0.000010 0.360684 0.003319 0.000010 0.635977
0.000010 0.388949 0.000010 0.000010 0.611021
0.027680 0.312439 0.000010 0.003717 0.656153
0.000010 0.345360 0.011628 0.003298 0.639704
0.000010 0.350603 0.000010 0.000010 0.649367
0.000010 0.350179 0.006288 0.000010 0.643513
0.000010 0.340696 0.000010 0.023865 0.635419
0.000010 0.337077 0.000010 0.000010 0.662893
0.000010 0.355313 0.000010 0.000010 0.644657
0.000010 0.339018 0.000010 0.000010 0.660952
0.000010 0.319663 0.000010 0.000010 0.680307
0.000010 0.306534 0.000010 0.011922 0.681524
0.000010 0.347162 0.000010 0.035019 0.617799
0.000010 0.307861 0.000010 0.011178 0.680940
0.000010 0.345841 0.000010 0.012821 0.641318
0.000010 0.341325 0.000010 0.000010 0.658645
0.000058 0.329107 0.005668 0.001726 0.663440
0.031170 0.330098 0.000012 0.000010 0.638709
0.000010 0.345975 0.003764 0.004037 0.646215
0.257316 0.605931 0.002965 0.018858 0.114930
0.247312 0.590693 0.000010 0.005506 0.156479
0.261508 0.597743 0.010640 0.019020 0.111090
0.276973 0.613206 0.000010 0.035245 0.074566
0.270445 0.603273 0.002557 0.000010 0.123716
0.236944 0.545260 0.006102 0.031488 0.180206
0.255346 0.569007 0.002566 0.036048 0.137034
0.263544 0.519830 0.006093 0.018703 0.191830
