0.182065 0.651843 0.006845 0.159248
0.177075 0.691416 0.000010 0.131500
0.224610 0.680740 0.009012 0.085638
0.334652 0.293335 0.013144 0.358869
0.369290 0.281826 0.002305 0.346579
0.325811 0.293050 0.006478 0.374662
0.362584 0.294826 0.006170 0.336419
0.351178 0.272764 0.002079 0.373978
0.379049 0.286120 0.011540 0.323291
0.356336 0.303987 0.003967 0.335711
0.376868 0.301527 0.008983 0.312622
0.335533 0.269634 0.011546 0.383288
0.362554 0.300697 0.008723 0.328026
0.334778 0.291261 0.003676 0.370285
0.448496 0.266202 0.013245 0.272057
0.388960 0.318974 0.000010 0.292056
0.363219 0.295145 0.004335 0.337302
0.427638 0.299897 0.002794 0.269671
0.388083 0.305075 0.019919 0.286922
0.404997 0.321018 0.005131 0.268853
0.354575 0.305913 0.002664 0.336849
0.407080 0.295309 0.002093 0.295518
0.390057 0.285251 0.008349 0.316343
0.382433 0.303819 0.008376 0.305372
0.404431 0.269499 0.000010 0.326061
0.454551 0.281996 0.003743 0.259710
0.402280 0.303707 0.006476 0.287537
0.430356 0.310768 0.000175 0.258701
0.425597 0.314937 0.000010 0.259456
0.390140 0.299533 0.005480 0.304847
0.426220 0.282258 0.005907 0.285616
0.424054 0.287035 0.005038 0.283874
0.432052 0.272975 0.005712 0.289261
0.387997 0.310667 0.000010 0.301327
0.416109 0.298599 0.005710 0.279582
0.373551 0.305087 0.010929 0.310433
0.411517 0.311036 0.003998 0.273449
0.372961 0.270599 0.009221 0.347220
0.312732 0.640613 0.015696 0.030958
0.303893 0.662408 0.008103 0.025595
0.281928 0.621744 0.009132 0.087196
0.320594 0.632076 0.026293 0.021037
0.286619 0.660637 0.016821 0.035923
0.252503 0.648573 0.010694 0.088231
0.266449 0.688182 0.004315 0.041053
0.384101 0.569560 0.016597 0.029742
0.297426 0.656164 0.018338 0.028072
0.259077 0.660501 0.006678 0.073745
0.266767 0.642613 0.016571 0.074048
0.285437 0.636158 0.008543 0.069863
0.261191 0.644624 0.019139 0.075046
0.308092 0.640017 0.000010 0.051881
0.269680 0.621606 0.008569 0.100145
0.281369 0.655549 0.024834 0.038249
0.409251 0.263727 0.004002 0.323020
0.403996 0.312771 0.004477 0.278756
0.413778 0.319103 0.004746 0.262373
0.379632 0.299777 0.006623 0.313968
0.393752 0.318019 0.005310 0.282919
0.399733 0.293822 0.012977 0.293468
0.373744 0.290360 0.000010 0.335885
0.397370 0.263052 0.004643 0.334934
0.395019 0.293505 0.001179 0.310297
0.376196 0.320369 0.010584 0.292852
0.399338 0.293436 0.004977 0.302250
0.398172 0.314929 0.002992 0.283907
0.409557 0.250657 0.008451 0.331336
0.427807 0.255030 0.013069 0.304094
0.345556 0.320316 0.000010 0.334118
0.406975 0.300501 0.005569 0.286955
0.382854 0.292644 0.001994 0.322508
0.393219 0.308233 0.000010 0.298538
0.380760 0.290491 0.012711 0.316038
0.392389 0.300911 0.011096 0.295603
0.361616 0.314528 0.000010 0.323846
0.387900 0.304405 0.000010 0.307685
0.393539 0.279827 0.006509 0.320124
0.366681 0.304257 0.002830 0.326231
0.403212 0.339526 0.000010 0.257253
0.451587 0.276860 0.000010 0.271544
0.409050 0.288349 0.006433 0.296167
0.441848 0.287548 0.000010 0.270594
0.409686 0.275588 0.002750 0.311975
0.365497 0.293380 0.000010 0.341113
0.115874 0.538677 0.001962 0.343487
0.120707 0.624348 0.007227 0.247717
0.100317 0.568934 0.007390 0.323359
0.115444 0.589282 0.000010 0.295264
0.124757 0.525770 0.004779 0.344694
0.121138 0.568201 0.004415 0.306245
0.130961 0.586479 0.007101 0.275460
0.155939 0.544220 0.008523 0.291318
0.098207 0.599183 0.003427 0.299183
0.256579 0.536199 0.004024 0.203198
0.134919 0.531491 0.007826 0.325765
0.114228 0.556526 0.000010 0.329236
0.120775 0.559833 0.014130 0.305262
0.126144 0.607870 0.004190 0.261796
0.113350 0.563136 0.002308 0.321206
0.139082 0.567463 0.005571 0.287884
0.172811 0.595207 0.026060 0.205922
0.173517 0.580777 0.044130 0.201575
0.162638 0.601828 0.037671 0.197863
0.207562 0.578059 0.040281 0.174098
0.160553 0.618628 0.035037 0.185783
0.185788 0.585525 0.050919 0.177768
0.177884 0.594566 0.028931 0.198619
0.156385 0.588883 0.034361 0.220371
0.196604 0.571500 0.028574 0.203321
0.145847 0.601545 0.036620 0.215988
0.171242 0.590764 0.043051 0.194943
0.175057 0.588540 0.034014 0.202389
0.164081 0.615684 0.035119 0.185116
0.189272 0.576353 0.038349 0.196026
0.193412 0.567723 0.041909 0.196956
0.312579 0.646067 0.036625 0.004730
0.287453 0.645999 0.017415 0.049132
0.264852 0.647804 0.021082 0.066262
0.646141 0.011810 0.012919 0.329131
0.665170 0.007636 0.013672 0.313522
0.682183 0.000010 0.009117 0.308690
0.709705 0.000010 0.010063 0.280223
0.683221 0.000010 0.010823 0.305946
0.684587 0.000010 0.013795 0.301609
0.660612 0.000010 0.011961 0.327417
0.616135 0.055520 0.001747 0.326597
0.635790 0.030273 0.000010 0.333927
0.686504 0.032895 0.002350 0.278251
0.698593 0.000010 0.015827 0.285570
0.661618 0.045681 0.003340 0.289361
0.680359 0.000010 0.000010 0.319621
0.702710 0.019812 0.008473 0.269005
0.678756 0.015147 0.003872 0.302225
0.683279 0.023608 0.000010 0.293103
0.679514 0.000010 0.006874 0.313602
0.652745 0.007259 0.011554 0.328442
0.665447 0.000010 0.000010 0.334533
0.676973 0.021943 0.000010 0.301074
0.679615 0.012607 0.000010 0.307768
0.678569 0.037286 0.000010 0.284135
0.664556 0.000010 0.003509 0.331925
0.635998 0.286166 0.000010 0.077826
0.599466 0.293293 0.008445 0.098796
0.632276 0.258961 0.007765 0.100997
0.669238 0.250157 0.008114 0.072491
0.616738 0.315085 0.006947 0.061231
0.642820 0.287072 0.000010 0.070098
0.614228 0.256511 0.003461 0.125800
0.633351 0.251488 0.000010 0.115151
0.604088 0.287550 0.000010 0.108352
0.646662 0.278499 0.006336 0.068502
0.606022 0.291275 0.001351 0.101352
0.629672 0.290562 0.000010 0.079756
0.717986 0.242176 0.002809 0.037029
0.593431 0.266235 0.000010 0.140323
0.291972 0.300514 0.021932 0.385582
0.276133 0.328558 0.008379 0.386931
0.285771 0.330392 0.008575 0.375263
0.275320 0.293448 0.020726 0.410506
0.297478 0.331038 0.015021 0.356463
0.328742 0.296448 0.013490 0.361320
0.244743 0.335388 0.010846 0.409023
0.292997 0.325546 0.009017 0.372440
0.275796 0.314341 0.011519 0.398345
0.299378 0.312386 0.004011 0.384225
0.310195 0.331693 0.020357 0.337755
0.273962 0.302961 0.023102 0.399975
0.291437 0.323685 0.005553 0.379325
0.283085 0.313350 0.019397 0.384168
0.308941 0.303942 0.010774 0.376342
0.286875 0.319863 0.020218 0.373044
0.242112 0.309840 0.016974 0.431074
0.408553 0.307292 0.005878 0.278277
0.382925 0.294746 0.000010 0.322320
0.386837 0.297013 0.002500 0.313650
0.386460 0.318709 0.000010 0.294820
0.423777 0.255301 0.010776 0.310146
0.430152 0.308620 0.000010 0.261218
0.369747 0.326135 0.000010 0.304108
0.410506 0.312897 0.001236 0.275361
0.398628 0.307707 0.005158 0.288507
0.371030 0.310190 0.010951 0.307829
0.390547 0.292375 0.001750 0.315327
0.412791 0.302526 0.000010 0.284674
0.423873 0.270046 0.000010 0.306071
0.422464 0.278687 0.006481 0.292369
0.428413 0.305375 0.007846 0.258366
0.393704 0.269231 0.000010 0.337055
0.683802 0.235270 0.005750 0.075179
0.636717 0.251732 0.001924 0.109626
0.673296 0.275873 0.006464 0.044367
0.635826 0.239831 0.009029 0.115314
0.621816 0.283162 0.001594 0.093428
0.665836 0.279297 0.000010 0.054857
0.620678 0.254151 0.004003 0.121168
0.633529 0.293243 0.000010 0.073218
0.699440 0.254218 0.001829 0.044512
0.601834 0.276634 0.000010 0.121522
0.654098 0.264224 0.000010 0.081668
0.656190 0.282065 0.000010 0.061734
0.687595 0.253501 0.001839 0.057065
0.635265 0.276973 0.003861 0.083901
0.669534 0.272702 0.017158 0.040606
0.642161 0.229513 0.011127 0.117200
0.673212 0.286053 0.004872 0.035863
0.652636 0.254445 0.006403 0.086516
0.690709 0.249047 0.011951 0.048293
0.690748 0.232852 0.011697 0.064703
0.628934 0.262555 0.000010 0.108501
0.720870 0.225261 0.008953 0.044915
0.453742 0.288035 0.000010 0.258213
0.686429 0.260432 0.008600 0.044539
0.613774 0.271624 0.008032 0.106571
0.615793 0.265556 0.005359 0.113292
0.663265 0.278701 0.000010 0.058025
0.684022 0.221754 0.005408 0.088816
0.629294 0.244219 0.006496 0.119991
0.659881 0.251627 0.003866 0.084626
0.672648 0.280490 0.001605 0.045257
0.572776 0.305340 0.000010 0.121874
0.626674 0.276797 0.000197 0.096332
0.631859 0.269479 0.008110 0.090552
0.628364 0.278171 0.000010 0.093455
0.621962 0.319712 0.001640 0.056686
0.625567 0.249585 0.004420 0.120428
0.641025 0.300609 0.001105 0.057261
0.684066 0.248576 0.002753 0.064605
0.654285 0.231084 0.002106 0.112525
0.672239 0.269632 0.001225 0.056904
0.626501 0.251319 0.000010 0.122170
0.652666 0.253349 0.003380 0.090605
0.219834 0.308588 0.002602 0.468976
0.258042 0.321103 0.003945 0.416910
0.267326 0.303768 0.004394 0.424511
0.266391 0.290199 0.013899 0.429512
0.265288 0.271502 0.005260 0.457950
0.243460 0.334037 0.001053 0.421450
0.208541 0.292722 0.000815 0.497923
0.265463 0.324805 0.000653 0.409080
0.268830 0.283857 0.000010 0.447303
0.258741 0.289619 0.000263 0.451377
0.197606 0.302101 0.000010 0.500283
0.264502 0.311259 0.000116 0.424123
0.267623 0.302389 0.003281 0.426708
0.276483 0.295016 0.002855 0.425646
0.255831 0.334607 0.011045 0.398518
0.286626 0.341891 0.006991 0.364493
0.357502 0.362541 0.009432 0.270524
0.238453 0.321244 0.008867 0.431435
0.310698 0.285860 0.002735 0.400707
0.052210 0.431697 0.046591 0.469501
0.185644 0.654352 0.089013 0.070991
0.070321 0.415507 0.030666 0.483505
0.197847 0.685595 0.100393 0.016166
0.000901 0.462106 0.015072 0.521921
0.000010 0.419938 0.023162 0.556890
0.005901 0.443138 0.032182 0.518778
0.000010 0.446462 0.018140 0.535388
0.007826 0.433016 0.035098 0.524060
0.058203 0.452802 0.041373 0.447622
0.000010 0.453148 0.027232 0.519610
0.000010 0.433230 0.038301 0.528460
0.070812 0.446716 0.037062 0.445410
0.000010 0.412507 0.026519 0.560964
0.000010 0.485016 0.014256 0.500718
0.041363 0.456305 0.042580 0.459751
0.026746 0.450232 0.019500 0.503523
0.000010 0.456551 0.037631 0.505808
0.000010 0.417421 0.033711 0.548858
0.000010 0.424857 0.016796 0.558337
0.000010 0.418981 0.019766 0.561242
0.093514 0.407883 0.083104 0.415499
0.000010 0.438190 0.034320 0.527480
0.019432 0.421778 0.044032 0.514758
0.084538 0.425054 0.032870 0.457538
0.066579 0.444489 0.036504 0.452427
0.000010 0.427304 0.012126 0.560560
0.032566 0.427165 0.042800 0.497469
0.000010 0.470748 0.017074 0.512168
0.056153 0.454618 0.038005 0.451225
0.053242 0.420793 0.042292 0.483673
0.099638 0.436732 0.033251 0.430379
0.000010 0.422478 0.032459 0.545053
0.000010 0.391483 0.001875 0.606633
0.000010 0.443166 0.021616 0.535208
0.000010 0.443678 0.029956 0.526356
0.009725 0.458913 0.025237 0.506126
0.048567 0.442284 0.031981 0.477169
0.008762 0.453809 0.034747 0.502682
0.014638 0.475150 0.017050 0.493162
0.050046 0.419099 0.023232 0.507623
0.000010 0.438525 0.033529 0.527936
0.085699 0.458785 0.020289 0.435228
0.000010 0.430904 0.014568 0.554518
0.028995 0.406938 0.041706 0.522361
0.296745 0.288793 0.022705 0.391756
0.295101 0.288681 0.030134 0.386084
0.303947 0.270606 0.027465 0.397982
0.301844 0.287841 0.020375 0.389941
0.284812 0.314145 0.021752 0.379292
0.323389 0.260754 0.019048 0.396808
0.310004 0.284794 0.023393 0.381810
0.330741 0.273340 0.024607 0.371312
0.346103 0.290117 0.022284 0.341495
0.305930 0.305819 0.019345 0.368906
0.313262 0.299240 0.027482 0.360016
0.299638 0.273983 0.021007 0.405372
0.313834 0.301716 0.020180 0.364271
0.241618 0.332173 0.005687 0.420523
0.337612 0.280444 0.001172 0.380771
0.365448 0.300778 0.007704 0.326071
0.364278 0.289629 0.003681 0.342413
0.375176 0.298069 0.010525 0.316230
0.353809 0.322509 0.000010 0.323672
0.344467 0.314733 0.010386 0.330414
0.399631 0.286115 0.003161 0.311094
0.447906 0.278977 0.003227 0.269889
0.382235 0.280365 0.000288 0.337111
0.389174 0.328743 0.005492 0.276591
0.379846 0.309788 0.004089 0.306276
0.359106 0.292481 0.000010 0.348404
0.397070 0.306072 0.000010 0.296848
0.373500 0.322841 0.008339 0.295321
0.322589 0.310402 0.004725 0.362284
0.383307 0.304281 0.010525 0.301887
0.390483 0.302012 0.000010 0.307496
0.366399 0.294872 0.007670 0.331058
0.336166 0.284100 0.000010 0.379725
0.374680 0.303355 0.014487 0.307477
0.371216 0.263220 0.002231 0.363333
0.368013 0.289590 0.014076 0.328321
0.392474 0.314172 0.000010 0.293343
0.409121 0.335822 0.006601 0.248456
0.400726 0.292389 0.014761 0.292124
0.357227 0.307585 0.019355 0.315834
0.374244 0.279478 0.034507 0.311771
0.424718 0.277037 0.000010 0.298235
0.369459 0.291555 0.009187 0.329799
0.416381 0.290575 0.012415 0.280629
0.416981 0.273912 0.000010 0.309097
0.379750 0.327967 0.000078 0.292205
0.376471 0.269339 0.000010 0.354180
0.422237 0.304155 0.001338 0.272270
0.386570 0.292197 0.004932 0.316301
0.386586 0.293830 0.016069 0.303515
0.335650 0.318314 0.000010 0.346026
0.407319 0.279161 0.006119 0.307402
0.408323 0.285647 0.001682 0.304347
0.374488 0.306772 0.017802 0.300939
0.368070 0.308736 0.000760 0.322435
0.394741 0.297833 0.015211 0.292215
0.393072 0.325084 0.007461 0.274383
0.475123 0.263238 0.000010 0.261629
0.669467 0.204422 0.000010 0.126101
0.617491 0.168429 0.005868 0.208213
0.633311 0.174136 0.010648 0.181905
0.635314 0.185841 0.015441 0.163404
0.671283 0.191155 0.007731 0.129831
0.604858 0.204192 0.009916 0.181034
0.656769 0.172603 0.015313 0.155315
0.687825 0.140583 0.007529 0.164063
0.712057 0.220960 0.010533 0.056450
0.541148 0.223182 0.023103 0.212566
0.611378 0.178021 0.004353 0.206248
0.640107 0.177912 0.000010 0.181972
0.683352 0.177517 0.000010 0.139121
0.639159 0.152931 0.005915 0.201995
0.634353 0.178344 0.013672 0.173632
0.675411 0.213264 0.000010 0.111316
0.660432 0.177990 0.009685 0.151893
0.664834 0.206569 0.011419 0.117178
0.623175 0.213403 0.000010 0.163411
0.611086 0.203593 0.000010 0.185311
0.696552 0.224504 0.000010 0.078934
0.677860 0.181889 0.004263 0.135988
0.704045 0.217103 0.001119 0.077733
0.591483 0.182803 0.006045 0.219670
0.628261 0.185925 0.001834 0.183980
0.617015 0.194898 0.004808 0.183279
0.642815 0.166296 0.015438 0.175451
0.119070 0.643630 0.005782 0.231518
0.104625 0.659096 0.000010 0.236269
0.153403 0.607749 0.000807 0.238041
0.133689 0.588884 0.003609 0.273818
0.161895 0.640457 0.000010 0.197637
0.115196 0.688756 0.002110 0.193938
0.141299 0.644285 0.000010 0.214406
0.123227 0.672507 0.000649 0.203617
0.161802 0.705813 0.000010 0.132376
0.148010 0.681313 0.000010 0.170667
0.147075 0.647070 0.000010 0.205845
0.123791 0.671515 0.000010 0.204685
0.148601 0.674320 0.000010 0.177068
0.109764 0.675252 0.001133 0.213851
0.120027 0.686723 0.005936 0.187313
0.161707 0.670465 0.000010 0.167819
0.177430 0.664019 0.000010 0.158541
0.134401 0.690649 0.000010 0.174940
0.180835 0.665026 0.006490 0.147649
0.139747 0.661031 0.000010 0.199212
0.166026 0.693637 0.000010 0.140327
0.224252 0.617562 0.009703 0.148483
0.129559 0.698792 0.000010 0.171639
0.317545 0.583984 0.001233 0.097237
0.148771 0.689969 0.000010 0.161250
0.171734 0.677975 0.000010 0.150281
0.115475 0.682872 0.000010 0.201643
0.159129 0.710872 0.002116 0.127883
0.305296 0.565421 0.005171 0.124111
0.689194 0.227588 0.008442 0.074776
0.744770 0.205722 0.004951 0.044557
0.766212 0.221122 0.009021 0.003645
0.696680 0.246755 0.001677 0.054889
0.744737 0.246652 0.000564 0.008047
0.761052 0.237253 0.001685 0.000010
0.747212 0.228441 0.001954 0.022392
0.755216 0.234577 0.007013 0.003194
0.752228 0.217108 0.003482 0.027181
0.686535 0.226229 0.007938 0.079299
0.711583 0.283260 0.005148 0.000010
0.737806 0.261384 0.000799 0.000010
0.762412 0.227847 0.009732 0.000010
0.759736 0.229375 0.009185 0.001704
0.738612 0.255112 0.006266 0.000010
0.734871 0.245134 0.007049 0.012946
0.735220 0.232212 0.006515 0.026053
0.707845 0.238386 0.011180 0.042590
0.712811 0.256651 0.001096 0.029442
0.753733 0.240856 0.005401 0.000010
0.752100 0.235162 0.000010 0.012728
0.698425 0.259633 0.000010 0.041932
0.670582 0.235635 0.006499 0.087284
0.693156 0.219612 0.006215 0.081016
0.721075 0.220423 0.005708 0.052795
0.698616 0.259035 0.006961 0.035388
0.774805 0.217593 0.007592 0.000010
0.717331 0.221479 0.009816 0.051374
0.648148 0.228181 0.005203 0.118469
0.772241 0.226239 0.001510 0.000010
0.748292 0.211040 0.000010 0.040657
0.732001 0.220164 0.002571 0.045264
0.705104 0.223680 0.000010 0.071207
0.687143 0.243641 0.008140 0.061076
0.378034 0.283670 0.004022 0.334275
0.306385 0.312537 0.007733 0.373345
0.352657 0.335633 0.000010 0.311700
0.400808 0.270992 0.004235 0.323965
0.403581 0.308418 0.000010 0.287991
0.404964 0.296481 0.000010 0.298545
0.430578 0.278258 0.005700 0.285464
0.409189 0.295633 0.004197 0.290981
0.418437 0.265525 0.000010 0.316028
0.439610 0.287934 0.008047 0.264409
0.370195 0.309100 0.000010 0.320695
0.448066 0.261906 0.000010 0.290018
0.385322 0.276254 0.005331 0.333092
0.349924 0.304747 0.000010 0.345319
0.423575 0.259639 0.005913 0.310873
0.432726 0.260542 0.009391 0.297341
0.307887 0.339370 0.011411 0.341333
0.289997 0.392055 0.000010 0.317938
0.294316 0.333451 0.000010 0.372223
0.415135 0.288780 0.000010 0.296074
0.406231 0.341884 0.008677 0.243208
0.399418 0.295929 0.002849 0.301804
0.292474 0.343090 0.006781 0.357654
0.347410 0.338539 0.000010 0.314040
0.452113 0.291449 0.000010 0.256429
0.439733 0.272061 0.002897 0.285308
0.367102 0.342700 0.004108 0.286091
0.331595 0.310769 0.001062 0.356574
0.453986 0.288909 0.000010 0.257095
0.311500 0.333711 0.006285 0.348505
0.101713 0.550510 0.001456 0.346321
0.503707 0.294578 0.011063 0.190652
0.478273 0.330934 0.000010 0.190783
0.479000 0.285620 0.000010 0.235370
0.279704 0.382051 0.000010 0.338236
0.326883 0.332425 0.019834 0.320858
0.477634 0.296381 0.004158 0.221826
0.433940 0.286379 0.001691 0.277990
0.435252 0.283240 0.009442 0.272066
0.379973 0.314715 0.000010 0.305301
0.412169 0.312594 0.002270 0.272966
0.370028 0.365638 0.023686 0.240648
0.392908 0.304835 0.005122 0.297136
0.368980 0.281319 0.006201 0.343500
0.360168 0.307917 0.007633 0.324281
0.413162 0.332090 0.004739 0.250009
0.412010 0.294107 0.000010 0.293873
0.438496 0.283596 0.006593 0.271315
0.453177 0.277223 0.000369 0.269231
0.435443 0.293692 0.004708 0.266157
0.440932 0.285678 0.007067 0.266324
0.497139 0.270258 0.001104 0.231500
0.459352 0.273142 0.007798 0.259708
0.462773 0.254466 0.000010 0.282751
0.397699 0.293387 0.003226 0.305688
0.437421 0.293798 0.005986 0.262795
0.668176 0.259711 0.003542 0.068571
0.651830 0.245972 0.016649 0.085549
0.657868 0.302819 0.011755 0.027559
0.715661 0.236053 0.000251 0.048036
0.667085 0.246516 0.005860 0.080539
0.682211 0.235763 0.010379 0.071647
0.656638 0.245023 0.006705 0.091634
0.659162 0.275050 0.014127 0.051661
0.648973 0.240595 0.006348 0.104084
0.645269 0.243205 0.003186 0.108339
0.674051 0.263686 0.001826 0.060436
0.630930 0.268894 0.003776 0.096400
0.689457 0.267918 0.016856 0.025768
0.682462 0.275876 0.013051 0.028611
0.681880 0.279652 0.004715 0.033752
0.698453 0.241700 0.008570 0.051277
0.696417 0.253203 0.008687 0.041693
0.648918 0.273055 0.010178 0.067850
0.674163 0.256172 0.011309 0.058355
0.560769 0.102560 0.028440 0.308230
0.534515 0.112940 0.020038 0.332507
0.570568 0.107374 0.020144 0.301914
0.538258 0.150934 0.026547 0.284261
0.620070 0.109989 0.011360 0.258581
0.641796 0.067140 0.008707 0.282358
0.654736 0.080314 0.016951 0.247999
0.677105 0.065336 0.002171 0.255388
0.547538 0.140555 0.018940 0.292967
0.555698 0.129053 0.027179 0.288071
0.570320 0.121650 0.029997 0.278034
0.599285 0.140415 0.015299 0.245001
0.554001 0.114595 0.032366 0.299038
0.591465 0.135370 0.023298 0.249867
0.562577 0.112484 0.017251 0.307688
0.568997 0.091098 0.005887 0.334018
0.589492 0.112773 0.018251 0.279484
0.523296 0.123843 0.031216 0.321645
0.549083 0.168915 0.021576 0.260426
0.566416 0.126432 0.018559 0.288593
0.551998 0.149748 0.028629 0.269625
0.514347 0.155383 0.026202 0.304067
0.536031 0.148465 0.024518 0.290986
0.537553 0.137287 0.025848 0.299312
0.502190 0.161403 0.019822 0.316585
0.454413 0.115415 0.055048 0.375124
0.517132 0.169537 0.006512 0.306820
0.573778 0.164293 0.040788 0.221140
0.538010 0.121010 0.048943 0.292037
0.588326 0.116743 0.020865 0.274066
0.574689 0.089586 0.015889 0.319835
0.567043 0.131360 0.019352 0.282246
0.582925 0.117241 0.018615 0.281219
0.557126 0.105669 0.007220 0.329985
0.567217 0.137572 0.038590 0.256621
0.498902 0.125657 0.052828 0.322613
0.516882 0.125416 0.023948 0.333754
0.654456 0.043258 0.003459 0.298827
0.534056 0.143701 0.033523 0.288720
0.516312 0.126315 0.026468 0.330905
0.575383 0.104701 0.032908 0.287008
0.550597 0.131258 0.033244 0.284901
0.548303 0.145772 0.027229 0.278696
0.600144 0.100820 0.012542 0.286495
0.539072 0.131095 0.019312 0.310522
0.518237 0.150612 0.027633 0.303519
0.572321 0.093148 0.015284 0.319248
0.580774 0.108305 0.016302 0.294619
0.580650 0.128526 0.006267 0.284556
0.597761 0.145225 0.002928 0.254086
0.563540 0.096886 0.022582 0.316993
0.514364 0.139737 0.032206 0.313692
0.572437 0.151573 0.010425 0.265565
0.588486 0.145013 0.014241 0.252260
0.562690 0.137009 0.014586 0.285714
0.580407 0.152890 0.005556 0.261148
0.583595 0.156517 0.006196 0.253692
0.511674 0.139598 0.028665 0.320062
0.556918 0.148497 0.010844 0.283741
0.560215 0.135107 0.040526 0.264152
0.059832 0.488215 0.162805 0.289147
0.162063 0.610817 0.040308 0.186812
0.136842 0.630132 0.044388 0.188638
0.151267 0.605917 0.032400 0.210416
0.117848 0.585511 0.051928 0.244713
0.104836 0.516946 0.085307 0.292910
0.119976 0.529650 0.173137 0.177237
0.215096 0.598086 0.026460 0.160358
0.128519 0.571309 0.078366 0.221807
0.162774 0.621181 0.044815 0.171230
0.122424 0.608237 0.037870 0.231469
0.088251 0.451283 0.108113 0.352353
0.180791 0.620287 0.032315 0.166607
0.104415 0.607435 0.052268 0.235882
0.162629 0.618609 0.039823 0.178939
0.153118 0.606982 0.058759 0.181141
0.161884 0.605417 0.042988 0.189710
0.193140 0.562803 0.046290 0.197767
0.167954 0.579221 0.052907 0.199918
0.020985 0.411489 0.111582 0.455945
0.076429 0.433494 0.079800 0.410277
0.050029 0.422271 0.087077 0.440623
0.099808 0.371669 0.099424 0.429099
0.037417 0.401693 0.094636 0.466254
0.062769 0.398107 0.105074 0.434051
0.075053 0.446763 0.079242 0.398942
0.075231 0.441241 0.090646 0.392881
0.006673 0.209335 0.546543 0.237449
0.071089 0.380174 0.080083 0.468654
0.038935 0.382865 0.127034 0.451167
0.080634 0.385609 0.103780 0.429977
0.101344 0.470049 0.081023 0.347584
0.055123 0.392074 0.071469 0.481334
0.063466 0.403041 0.104700 0.428792
0.056598 0.459918 0.071338 0.412146
0.026772 0.420501 0.090907 0.461820
0.080041 0.401226 0.087998 0.430735
0.047657 0.414183 0.080148 0.458011
0.062035 0.413280 0.091328 0.433358
0.471522 0.272533 0.000010 0.255936
0.475548 0.263861 0.000010 0.260581
0.443693 0.284337 0.000010 0.271960
0.461799 0.283224 0.008387 0.246591
0.474672 0.302317 0.003383 0.219628
0.517765 0.243558 0.000010 0.238667
0.467353 0.260620 0.004306 0.267721
0.472736 0.275445 0.000010 0.251809
0.465442 0.285573 0.000010 0.248975
0.353509 0.625822 0.020660 0.000010
0.327316 0.646122 0.015215 0.011347
0.364378 0.567107 0.019672 0.048843
0.384717 0.291488 0.001940 0.321856
0.397471 0.263783 0.010510 0.328236
0.389219 0.294261 0.000010 0.316510
0.331969 0.343763 0.003538 0.320730
0.387930 0.291338 0.014660 0.306073
0.416124 0.265598 0.001838 0.316440
0.403430 0.288340 0.000819 0.307411
0.461744 0.246103 0.003898 0.288255
0.305169 0.298454 0.076414 0.319964
0.363195 0.328394 0.004305 0.304107
0.327447 0.298498 0.007766 0.366288
0.336982 0.331416 0.000687 0.330916
0.355911 0.316939 0.000010 0.327140
0.429981 0.281682 0.000010 0.288328
0.412116 0.319554 0.003471 0.264858
0.408867 0.257642 0.003599 0.329892
0.402316 0.327882 0.006737 0.263065
0.410286 0.300778 0.012899 0.276037
0.340181 0.296199 0.015553 0.348067
0.305965 0.323513 0.000010 0.370512
0.326696 0.315787 0.003556 0.353960
0.362875 0.295633 0.008719 0.332773
0.086275 0.432185 0.049253 0.432287
0.121896 0.437435 0.049080 0.391589
0.132606 0.479828 0.051871 0.335696
0.317732 0.671401 0.010857 0.000010
0.324937 0.661679 0.013374 0.000010
0.329061 0.661877 0.009052 0.000010
0.309768 0.685197 0.005025 0.000010
0.318569 0.663806 0.015765 0.001860
0.310837 0.689143 0.000010 0.000010
0.335849 0.649326 0.014815 0.000010
0.321924 0.641504 0.017157 0.019414
0.336216 0.652346 0.011428 0.000010
0.310103 0.681598 0.008288 0.000010
0.321102 0.649461 0.009892 0.019545
0.311957 0.671270 0.014186 0.002587
0.330009 0.660915 0.009066 0.000010
0.301173 0.658018 0.018058 0.022751
0.301257 0.680234 0.018499 0.000010
0.344316 0.644407 0.011267 0.000010
0.330859 0.663180 0.005951 0.000010
0.313699 0.672938 0.013352 0.000010
0.349512 0.640095 0.010383 0.000010
0.525601 0.209723 0.001564 0.263113
0.540460 0.166241 0.000010 0.293289
0.499961 0.200617 0.009586 0.289835
0.489915 0.190160 0.007623 0.312302
0.495520 0.186646 0.014206 0.303629
0.491328 0.196259 0.010431 0.301982
0.503587 0.195680 0.000010 0.300723
0.504307 0.193203 0.000010 0.302480
0.464258 0.234765 0.000010 0.300966
0.514410 0.176426 0.000010 0.309154
0.487411 0.180643 0.005646 0.326299
0.490253 0.176163 0.000010 0.333573
0.487949 0.278393 0.006511 0.227148
0.627371 0.277595 0.000010 0.095024
0.550290 0.293563 0.007933 0.148213
0.570919 0.287673 0.006614 0.134793
0.488454 0.265536 0.000010 0.246000
0.538332 0.262769 0.002557 0.196343
0.510882 0.270028 0.002432 0.216658
0.532679 0.302912 0.003733 0.160676
0.568210 0.276789 0.000673 0.154327
0.522625 0.272784 0.004270 0.200321
0.525534 0.313618 0.001005 0.159843
0.527466 0.294362 0.009892 0.168281
0.550416 0.273699 0.006763 0.169122
0.559093 0.269599 0.012831 0.158477
0.406303 0.282410 0.009858 0.301429
0.463492 0.300635 0.004074 0.231799
0.347253 0.350396 0.012834 0.289517
0.369519 0.308490 0.000010 0.321981
0.367661 0.298740 0.002697 0.330902
0.436288 0.268448 0.000010 0.295254
0.389607 0.324781 0.010147 0.275465
0.420506 0.244560 0.001078 0.333856
0.408442 0.281380 0.007298 0.302879
0.443341 0.273380 0.001558 0.281721
0.396121 0.310651 0.006616 0.286612
0.412061 0.265560 0.010241 0.312138
0.415608 0.286354 0.005817 0.292221
0.380489 0.302001 0.000010 0.317500
0.387338 0.308936 0.000010 0.303716
0.398738 0.287528 0.005309 0.308425
0.360825 0.310348 0.004785 0.324042
0.396007 0.288696 0.003530 0.311767
0.375429 0.313338 0.006532 0.304701
0.393349 0.296103 0.005997 0.304551
0.410630 0.286034 0.009655 0.293681
0.413355 0.277294 0.000010 0.309341
0.412649 0.297347 0.000097 0.289907
0.396427 0.313035 0.003365 0.287173
0.405295 0.349929 0.011442 0.233334
0.566178 0.276488 0.000738 0.156596
0.630389 0.268945 0.001107 0.099558
0.624562 0.274345 0.007135 0.093958
0.593836 0.224346 0.000742 0.181076
0.589382 0.290560 0.007390 0.112668
0.589487 0.287439 0.000010 0.123064
0.576295 0.256398 0.004606 0.162701
0.537448 0.299116 0.000010 0.163426
0.572091 0.265317 0.000010 0.162581
0.575384 0.233721 0.000010 0.190885
0.574497 0.290768 0.000010 0.134725
0.581617 0.249490 0.000010 0.168883
0.584860 0.257861 0.000010 0.157268
0.552526 0.270089 0.002338 0.175047
0.358237 0.324194 0.000010 0.317559
0.387476 0.275420 0.000010 0.337093
0.369224 0.293945 0.000010 0.336820
0.336157 0.310823 0.000010 0.353010
0.344989 0.297564 0.012265 0.345183
0.349720 0.323845 0.000010 0.326426
0.393651 0.288295 0.000010 0.318044
0.348896 0.303862 0.000010 0.347233
0.372848 0.286658 0.008020 0.332474
0.250655 0.652583 0.016916 0.079847
0.277048 0.669294 0.019916 0.033743
0.258470 0.628246 0.018211 0.095074
0.075452 0.418064 0.028034 0.478450
0.065471 0.414880 0.023640 0.496009
0.003301 0.406945 0.086099 0.503654
0.037714 0.380872 0.087964 0.493450
0.000254 0.383496 0.084774 0.531476
0.000010 0.408363 0.083166 0.508461
0.000010 0.412454 0.072810 0.514726
0.025325 0.410001 0.114933 0.449741
0.028814 0.414642 0.104127 0.452416
0.067072 0.375735 0.091795 0.465398
0.000010 0.367879 0.127912 0.504199
0.066097 0.367755 0.109093 0.457054
0.000010 0.406439 0.067737 0.525814
0.034766 0.411300 0.086286 0.467648
0.000010 0.390750 0.088924 0.520316
0.028473 0.370539 0.105797 0.495191
0.034550 0.325910 0.206566 0.432974
0.014594 0.411269 0.080948 0.493189
0.022371 0.436651 0.078164 0.462813
0.040197 0.420099 0.084139 0.455565
0.000010 0.386737 0.084744 0.528508
0.060227 0.369436 0.100766 0.469571
0.070221 0.361683 0.093708 0.474389
0.072824 0.407279 0.090581 0.429316
0.070398 0.361571 0.129431 0.438600
0.000010 0.411968 0.086099 0.501923
0.019800 0.413736 0.072790 0.493674
0.015977 0.424006 0.097889 0.462128
0.000010 0.407223 0.076572 0.516195
0.011443 0.389038 0.096375 0.503145
0.045719 0.419981 0.071581 0.462718
0.000010 0.341289 0.125628 0.533073
0.000010 0.368434 0.074339 0.557217
0.000010 0.391812 0.089243 0.518935
0.029655 0.406618 0.082162 0.481564
0.000010 0.375713 0.091424 0.532852
0.037201 0.423451 0.079134 0.460213
0.000010 0.382386 0.074219 0.543385
0.046360 0.324688 0.168073 0.460879
0.031608 0.408205 0.117774 0.442414
0.021103 0.385691 0.080030 0.513176
0.083047 0.386397 0.100648 0.429907
0.031164 0.356725 0.162355 0.449755
0.032788 0.429964 0.085283 0.451965
0.000010 0.372098 0.105201 0.522691
0.348096 0.296105 0.004358 0.351441
0.318829 0.267155 0.002175 0.411841
0.362603 0.284577 0.005141 0.347679
0.334154 0.276144 0.007882 0.381821
0.299657 0.302861 0.000010 0.397472
0.286916 0.306467 0.011770 0.394846
0.281978 0.318269 0.000010 0.399743
0.354080 0.273946 0.007373 0.364601
0.341921 0.307463 0.015021 0.335594
0.337356 0.338721 0.001050 0.322873
0.278072 0.334193 0.000010 0.387724
0.319258 0.316502 0.001168 0.363071
0.332985 0.307066 0.006476 0.353473
0.324307 0.293152 0.017866 0.364675
0.308966 0.306471 0.007066 0.377497
0.302226 0.297417 0.023945 0.376412
0.357547 0.281067 0.008657 0.352730
0.368709 0.300059 0.005419 0.325814
0.333131 0.288361 0.010633 0.367875
0.336378 0.293076 0.016263 0.354283
0.347216 0.299547 0.009480 0.343757
0.335240 0.293840 0.007868 0.363052
0.395012 0.264187 0.009394 0.331406
0.340518 0.281098 0.011553 0.366831
0.316065 0.292569 0.009301 0.382065
0.313252 0.353474 0.000010 0.333265
0.378918 0.266938 0.008823 0.345320
0.318317 0.320879 0.011645 0.349159
0.311409 0.262404 0.019664 0.406523
0.352598 0.275588 0.013357 0.358457
0.327499 0.308959 0.012243 0.351299
0.352033 0.319148 0.006780 0.322039
0.296894 0.337455 0.000378 0.365273
0.333497 0.315592 0.007631 0.343280
0.325228 0.298140 0.012563 0.364070
0.351218 0.305689 0.012775 0.330318
0.340107 0.294713 0.011589 0.353591
0.336312 0.285368 0.009408 0.368912
0.353998 0.304140 0.001563 0.340299
0.308380 0.311296 0.010230 0.370094
0.286216 0.316043 0.008579 0.389162
0.343647 0.278753 0.018433 0.359167
0.323402 0.298870 0.017328 0.360400
0.330157 0.265540 0.010230 0.394073
0.315753 0.318057 0.015236 0.350953
0.344968 0.280161 0.009338 0.365532
0.368727 0.278245 0.031278 0.321750
0.395517 0.298122 0.007351 0.299010
0.329682 0.305502 0.015447 0.349369
0.335530 0.297668 0.018031 0.348771
0.430210 0.249225 0.006571 0.313994
0.341346 0.322808 0.006629 0.329216
0.369318 0.292994 0.000010 0.337677
0.340385 0.300737 0.018396 0.340481
0.522679 0.341739 0.098043 0.037540
0.370104 0.281754 0.015064 0.333078
0.305140 0.343723 0.013556 0.337581
0.325329 0.313302 0.001489 0.359880
0.285923 0.323557 0.004182 0.386338
0.282607 0.312303 0.015944 0.389146
0.363509 0.278962 0.000748 0.356781
0.379561 0.000010 0.002766 0.617663
0.374785 0.012008 0.000010 0.613197
0.446186 0.000010 0.000010 0.553794
0.377352 0.000010 0.000010 0.622628
0.392187 0.000010 0.000010 0.607793
0.412926 0.000010 0.000946 0.586118
0.440500 0.000010 0.000010 0.559480
0.370944 0.017716 0.000010 0.611330
0.399524 0.000010 0.009818 0.590649
0.405541 0.000010 0.000010 0.594439
0.405386 0.000010 0.004872 0.589732
0.396243 0.000010 0.000010 0.603737
0.389989 0.000010 0.000010 0.609991
0.412223 0.000010 0.000010 0.587757
0.390323 0.000010 0.000010 0.609657
0.371671 0.000010 0.000010 0.628309
0.362544 0.000010 0.000010 0.637436
0.399416 0.000010 0.000010 0.600564
0.360401 0.000010 0.000010 0.639579
0.399822 0.000010 0.000010 0.600158
0.392269 0.000010 0.000010 0.607711
0.387902 0.000010 0.003910 0.608178
0.390085 0.018368 0.000010 0.591537
0.396781 0.000010 0.001532 0.601677
0.630652 0.261923 0.002994 0.104431
0.620137 0.246160 0.000010 0.133693
0.626174 0.266523 0.010982 0.096321
0.635407 0.290893 0.000010 0.073690
0.631175 0.264571 0.002826 0.101428
0.572118 0.245997 0.006503 0.175382
0.594568 0.266932 0.003388 0.135111
0.552216 0.266564 0.006266 0.174954
0.581997 0.271197 0.008531 0.138276
0.597445 0.290470 0.007967 0.104119
0.575670 0.273446 0.010682 0.140203
0.605147 0.280271 0.004776 0.109806
0.527931 0.264730 0.003554 0.203784
0.636934 0.267885 0.000010 0.095171
0.568570 0.246966 0.008970 0.175494
0.603436 0.258371 0.012246 0.125947
0.575736 0.263728 0.007355 0.153181
0.615591 0.264785 0.003991 0.115632
0.266066 0.291084 0.037537 0.405313
0.307183 0.305881 0.011430 0.375506
0.723506 0.267396 0.009088 0.000010
0.728339 0.230590 0.005492 0.035579
0.719950 0.255492 0.009268 0.015290
0.690110 0.255329 0.002532 0.052028
0.747921 0.252059 0.000010 0.000010
0.685900 0.271334 0.004261 0.038505
0.702440 0.263037 0.010241 0.024282
0.704018 0.256379 0.018452 0.021151
0.722064 0.262627 0.015299 0.000010
0.672249 0.265347 0.014906 0.047497
0.733717 0.253211 0.003276 0.009796
0.721286 0.254033 0.006822 0.017860
0.723290 0.263955 0.012745 0.000010
0.716397 0.255092 0.000010 0.028500
0.733687 0.254113 0.012190 0.000010
0.752682 0.202466 0.017391 0.027461
0.644168 0.220458 0.007755 0.127620
0.653273 0.281543 0.009561 0.055623
0.729718 0.226905 0.007086 0.036292
0.657066 0.269779 0.000010 0.073145
0.723844 0.255730 0.000010 0.020416
0.675719 0.241710 0.000010 0.082561
0.679293 0.226281 0.000010 0.094416
0.664603 0.269169 0.000010 0.066218
0.717241 0.223387 0.000010 0.059363
0.679189 0.268938 0.000010 0.051863
0.697858 0.225477 0.000402 0.076263
0.703949 0.262335 0.000010 0.033706
0.669713 0.260299 0.000010 0.069978
0.662866 0.247425 0.018431 0.071277
0.305541 0.301605 0.000969 0.391885
0.314432 0.307307 0.000010 0.378251
0.300525 0.302227 0.000010 0.397238
0.313868 0.343184 0.001430 0.341518
0.371157 0.323908 0.005605 0.299330
0.321611 0.292140 0.000010 0.386239
0.302653 0.278877 0.006492 0.411978
0.329620 0.295010 0.000010 0.375360
0.365341 0.315820 0.000010 0.318829
0.371630 0.284134 0.000010 0.344225
0.343735 0.301286 0.000402 0.354576
0.319854 0.334979 0.000010 0.345157
0.356103 0.287849 0.001760 0.354287
0.328199 0.306942 0.000010 0.364849
0.300440 0.305156 0.000010 0.394394
0.576887 0.133188 0.017632 0.272293
0.602466 0.137085 0.013625 0.246824
0.602882 0.132160 0.010160 0.254798
0.611735 0.136988 0.008762 0.242514
0.586451 0.133588 0.023348 0.256613
0.574740 0.155357 0.012271 0.257632
0.583446 0.106612 0.027855 0.282087
0.502349 0.128777 0.024334 0.344540
0.545084 0.153127 0.026822 0.274968
0.554623 0.151271 0.017001 0.277106
0.534119 0.141885 0.027644 0.296352
0.550648 0.152887 0.016180 0.280285
0.559574 0.168329 0.041657 0.230439
0.523866 0.129323 0.023954 0.322857
0.534468 0.137337 0.026664 0.301531
0.528606 0.156219 0.037779 0.277396
0.550067 0.132946 0.017281 0.299706
0.545295 0.116832 0.038080 0.299793
0.531687 0.142014 0.016116 0.310183
0.563281 0.118168 0.040681 0.277870
0.528325 0.140046 0.032105 0.299524
0.586303 0.117824 0.028092 0.267781
0.560128 0.113625 0.038213 0.288035
0.574884 0.100496 0.021414 0.303207
0.589478 0.084204 0.024020 0.302298
0.526008 0.114920 0.038352 0.320720
0.580692 0.139876 0.004320 0.275112
0.577897 0.133315 0.017285 0.271504
0.561773 0.149661 0.027324 0.261242
0.545698 0.117580 0.021498 0.315225
0.527782 0.131453 0.027229 0.313536
0.480131 0.169588 0.049598 0.300683
0.541104 0.097325 0.031957 0.329614
0.576900 0.101593 0.026862 0.294645
0.000010 0.000012 0.999968 0.000010
0.000010 0.000010 0.999970 0.000010
0.000010 0.000012 0.999968 0.000010
0.000010 0.000010 0.999970 0.000010
0.000010 0.000010 0.999970 0.000010
0.000010 0.000011 0.999969 0.000010
0.000010 0.000010 0.999970 0.000010
0.000010 0.000010 0.999970 0.000010
0.000013 0.000010 0.999967 0.000010
0.000010 0.000010 0.999970 0.000010
0.000010 0.000010 0.999970 0.000010
0.000010 0.000010 0.999970 0.000010
0.181103 0.570727 0.034566 0.213604
0.094974 0.416853 0.060876 0.427297
0.071947 0.423889 0.069652 0.434512
0.091896 0.445027 0.058330 0.404747
0.107862 0.510754 0.058856 0.322528
0.048357 0.467250 0.105521 0.378871
0.030164 0.455025 0.107850 0.406962
0.034021 0.471467 0.089476 0.405035
0.130010 0.433461 0.040059 0.396470
0.111132 0.444537 0.055910 0.388421
0.090957 0.471984 0.043548 0.393511
0.104728 0.503284 0.012606 0.379382
0.019068 0.475901 0.118393 0.386637
0.056982 0.475832 0.092143 0.375042
0.164140 0.443569 0.072091 0.320200
0.126998 0.378628 0.102530 0.391844
0.323238 0.665173 0.011579 0.000010
0.249163 0.494507 0.023900 0.232431
0.233435 0.516851 0.029826 0.219889
0.174143 0.549980 0.027971 0.247905
0.229711 0.522375 0.042054 0.205860
0.234709 0.513152 0.027409 0.224730
0.226655 0.552479 0.016128 0.204738
0.183994 0.525272 0.031303 0.259431
0.240145 0.570468 0.038722 0.150665
0.188213 0.538328 0.028238 0.245221
0.228469 0.536294 0.021929 0.213309
0.222548 0.552927 0.038273 0.186252
0.169014 0.581035 0.036596 0.213355
0.188067 0.504271 0.016391 0.291271
0.263989 0.507628 0.021450 0.206934
0.240300 0.499095 0.026022 0.234583
0.246483 0.537030 0.021292 0.195195
0.168176 0.551304 0.036467 0.244053
0.290975 0.640372 0.024108 0.044544
0.415475 0.239252 0.000010 0.345263
0.422624 0.257269 0.010875 0.309232
0.430915 0.269554 0.006235 0.293295
0.447942 0.213435 0.004381 0.334242
0.432238 0.249025 0.017948 0.300788
0.445987 0.249203 0.009538 0.295272
0.390528 0.261941 0.000010 0.347522
0.373805 0.268306 0.021949 0.335940
0.318789 0.281107 0.022925 0.377179
0.347058 0.263151 0.023707 0.366084
0.325103 0.271041 0.030296 0.373560
0.378444 0.261317 0.016459 0.343780
0.330024 0.293463 0.019924 0.356589
0.343288 0.248865 0.031656 0.376190
0.327941 0.264177 0.012755 0.395127
0.343167 0.354492 0.002034 0.300308
0.402542 0.266143 0.020847 0.310468
0.317656 0.288797 0.019085 0.374462
0.289516 0.311311 0.015750 0.383422
0.334544 0.280965 0.018107 0.366384
0.299428 0.313858 0.024926 0.361789
0.304897 0.313039 0.014792 0.367272
0.369909 0.255524 0.015754 0.358813
0.332966 0.268219 0.018783 0.380032
0.290977 0.285714 0.038025 0.385284
0.388541 0.292134 0.001488 0.317837
0.355100 0.296241 0.000010 0.348648
0.415721 0.286848 0.000010 0.297421
0.426949 0.289246 0.001569 0.282235
0.390496 0.290557 0.004684 0.314263
0.408333 0.310968 0.002079 0.278621
0.406023 0.284987 0.001532 0.307458
0.399765 0.266131 0.005924 0.328180
0.397393 0.323394 0.000010 0.279202
0.377380 0.297564 0.005613 0.319443
0.408799 0.273979 0.000010 0.317212
0.395173 0.281969 0.000010 0.322848
0.412749 0.314682 0.001147 0.271422
0.372444 0.301716 0.001288 0.324552
0.452636 0.263191 0.000010 0.284163
0.390756 0.278214 0.006233 0.324797
0.390052 0.275802 0.000010 0.334135
0.333957 0.285493 0.004427 0.376124
0.410305 0.292382 0.000010 0.297303
0.390934 0.313016 0.004753 0.291297
0.401135 0.288038 0.004545 0.306282
0.335839 0.318698 0.000010 0.345453
0.401068 0.276086 0.000010 0.322836
0.393389 0.287382 0.000010 0.319219
