0.163017 0.011795 0.825188
0.142743 0.003546 0.853711
0.193386 0.013753 0.792861
0.491955 0.014199 0.493846
0.539466 0.004200 0.456334
0.484288 0.007505 0.508206
0.522985 0.007730 0.469285
0.524221 0.003689 0.472090
0.541908 0.013184 0.444908
0.512006 0.005273 0.482721
0.531448 0.010524 0.458028
0.505366 0.012704 0.481931
0.517504 0.010343 0.472154
0.497984 0.005094 0.496922
0.620277 0.014909 0.364813
0.535747 0.000010 0.464243
0.521551 0.005697 0.472752
0.583875 0.004454 0.411671
0.536496 0.021434 0.442069
0.548671 0.006942 0.444387
0.505643 0.004259 0.490098
0.567191 0.003941 0.428868
0.552399 0.009739 0.437862
0.534231 0.010188 0.455581
0.579810 0.000010 0.420180
0.619867 0.005481 0.374652
0.558294 0.008430 0.433276
0.582336 0.002360 0.415304
0.574695 0.000893 0.424412
0.546827 0.007240 0.445933
0.592129 0.007110 0.400761
0.588109 0.006653 0.405238
0.601009 0.007417 0.391575
0.540426 0.001623 0.457952
0.572880 0.007518 0.419603
0.526642 0.012757 0.460600
0.562574 0.005799 0.431627
0.542985 0.010212 0.446803
0.295070 0.021725 0.683204
0.278738 0.013203 0.708059
0.277765 0.015540 0.706695
0.307975 0.031839 0.660186
0.263002 0.022382 0.714617
0.236604 0.016008 0.747388
0.231401 0.010990 0.757610
0.401698 0.021848 0.576454
0.272476 0.025051 0.702473
0.238901 0.010910 0.750189
0.250278 0.021997 0.727725
0.270661 0.014708 0.714630
0.244151 0.023544 0.732305
0.300613 0.001203 0.698183
0.265404 0.013854 0.720742
0.254562 0.030337 0.715101
0.584252 0.004593 0.411155
0.552941 0.006154 0.440906
0.560095 0.006434 0.433471
0.536712 0.008058 0.455230
0.541861 0.007394 0.450745
0.557447 0.014356 0.428196
0.538468 0.000010 0.461522
0.571478 0.005246 0.423276
0.557255 0.002549 0.440195
0.519267 0.012343 0.468390
0.558963 0.006673 0.434364
0.547354 0.004937 0.447709
0.590658 0.009184 0.400158
0.605509 0.014769 0.379722
0.494047 0.001567 0.504386
0.562827 0.007208 0.429965
0.544050 0.003317 0.452633
0.547189 0.000010 0.452801
0.540563 0.014183 0.445254
0.546488 0.012528 0.440984
0.514877 0.000010 0.485113
0.546008 0.000010 0.453982
0.558489 0.007990 0.433521
0.519078 0.004520 0.476402
0.541977 0.000010 0.458013
0.623003 0.000010 0.376987
0.570600 0.007858 0.421542
0.606399 0.000010 0.393591
0.579127 0.004484 0.416389
0.527318 0.000010 0.472672
0.153826 0.004916 0.841259
0.116475 0.011693 0.871832
0.119987 0.010377 0.869635
0.132374 0.000010 0.867616
0.167181 0.006958 0.825861
0.145510 0.007916 0.846574
0.143766 0.011285 0.844950
0.187544 0.010928 0.801528
0.106164 0.007308 0.886528
0.296763 0.006568 0.696669
0.174040 0.010534 0.815426
0.143910 0.001856 0.854234
0.144721 0.017431 0.837848
0.128792 0.008049 0.863159
0.139043 0.005176 0.855781
0.161115 0.008525 0.830360
0.175881 0.030375 0.793744
0.178208 0.048436 0.773356
0.161650 0.042889 0.795461
0.214462 0.044765 0.740774
0.149824 0.039159 0.811017
0.184529 0.055047 0.760424
0.178772 0.033524 0.787704
0.160509 0.038160 0.801332
0.213918 0.032909 0.753174
0.141017 0.040094 0.818889
0.172814 0.047556 0.779629
0.179290 0.038090 0.782620
0.154971 0.039465 0.805564
0.198789 0.042782 0.758429
0.206070 0.046515 0.747415
0.291465 0.040805 0.667730
0.268207 0.023929 0.707864
0.245271 0.027225 0.727504
0.944656 0.015276 0.040068
0.974909 0.013933 0.011158
0.989943 0.010047 0.000010
0.991219 0.008771 0.000010
0.987786 0.012204 0.000010
0.986098 0.013892 0.000010
0.969528 0.013703 0.016770
0.903537 0.003218 0.093246
0.931368 0.000010 0.068622
0.985755 0.003024 0.011221
0.984890 0.015100 0.000010
0.950860 0.004555 0.044585
0.997923 0.000010 0.002067
0.990727 0.009263 0.000010
0.983201 0.006862 0.009937
0.984663 0.000385 0.014952
0.992780 0.007210 0.000010
0.961889 0.011620 0.026492
0.984911 0.000010 0.015079
0.978783 0.000010 0.021207
0.988206 0.000010 0.011784
0.975822 0.000010 0.024168
0.993975 0.006015 0.000010
0.797140 0.000645 0.202215
0.752261 0.011801 0.235938
0.805217 0.009757 0.185027
0.845095 0.011228 0.143676
0.759524 0.009127 0.231348
0.802494 0.000010 0.197496
0.789772 0.005852 0.204377
0.815155 0.001770 0.183075
0.766210 0.002441 0.231348
0.812648 0.009242 0.178110
0.765501 0.003823 0.230676
0.788374 0.000010 0.211616
0.897056 0.006053 0.096891
0.767092 0.000681 0.232227
0.440888 0.022683 0.536429
0.418025 0.010278 0.571697
0.426784 0.009403 0.563813
0.432962 0.022100 0.544937
0.435299 0.016602 0.548099
0.485026 0.014856 0.500118
0.379200 0.012012 0.608788
0.437038 0.010296 0.552665
0.422277 0.013129 0.564594
0.450518 0.005726 0.543756
0.444555 0.021737 0.533708
0.423154 0.023919 0.552927
0.437259 0.007464 0.555277
0.432603 0.021158 0.546239
0.463574 0.011968 0.524458
0.429249 0.021799 0.548952
0.390578 0.018000 0.591422
0.561184 0.007575 0.431241
0.543906 0.000010 0.456084
0.546218 0.004191 0.449591
0.537213 0.000010 0.462777
0.601785 0.012367 0.385848
0.582721 0.000010 0.417269
0.515304 0.000207 0.484489
0.563343 0.003360 0.433297
0.550843 0.006490 0.442668
0.520996 0.012997 0.466007
0.552247 0.002986 0.444767
0.569442 0.001720 0.428839
0.598040 0.001090 0.400870
0.586559 0.007884 0.405557
0.581437 0.009815 0.408748
0.566832 0.000544 0.432624
0.867531 0.008667 0.123802
0.815261 0.004980 0.179759
0.837605 0.009318 0.153077
0.819197 0.011194 0.169608
0.786243 0.003248 0.210509
0.833204 0.000010 0.166786
0.795543 0.006584 0.197873
0.791789 0.000689 0.207522
0.875373 0.006807 0.117820
0.769357 0.000010 0.230633
0.825704 0.002892 0.171405
0.822815 0.000010 0.177175
0.862510 0.004955 0.132535
0.798824 0.007320 0.193856
0.831381 0.020313 0.148306
0.829676 0.013760 0.156563
0.833992 0.008583 0.157424
0.829745 0.008276 0.161978
0.866940 0.014143 0.118916
0.877309 0.014408 0.108284
0.800405 0.002351 0.197243
0.907994 0.012324 0.079683
0.618925 0.000010 0.381065
0.859380 0.011282 0.129338
0.780386 0.010756 0.208858
0.786600 0.007924 0.205475
0.828257 0.001536 0.170207
0.876568 0.008023 0.115409
0.810637 0.008221 0.181141
0.837139 0.005942 0.156918
0.833740 0.004646 0.161615
0.726350 0.002234 0.271416
0.789642 0.003564 0.206794
0.800346 0.010542 0.189113
0.792640 0.002525 0.204835
0.766843 0.005528 0.227629
0.802546 0.005935 0.191519
0.796510 0.004799 0.198691
0.860174 0.006191 0.133635
0.841733 0.004596 0.153671
0.840411 0.004387 0.155202
0.806855 0.001849 0.191296
0.831288 0.005811 0.162901
0.372312 0.004478 0.623210
0.402775 0.006039 0.591186
0.419642 0.005912 0.574446
0.424468 0.014541 0.560991
0.436385 0.005663 0.557952
0.384828 0.002628 0.612544
0.368685 0.000700 0.630615
0.411655 0.001860 0.586485
0.435259 0.000010 0.564731
0.419925 0.001850 0.578225
0.355726 0.000010 0.644264
0.417473 0.001441 0.581086
0.425531 0.003882 0.570586
0.437156 0.004943 0.557901
0.392717 0.012400 0.594884
0.421327 0.008440 0.570233
0.481555 0.011382 0.507063
0.383440 0.010671 0.605889
0.474537 0.003457 0.522007
0.123887 0.047842 0.828271
0.145499 0.094419 0.760082
0.156771 0.032081 0.811149
0.137034 0.105436 0.757530
0.060455 0.016648 0.922898
0.000010 0.025305 0.974685
0.073556 0.032241 0.894203
0.042713 0.019256 0.938031
0.073854 0.035058 0.891088
0.120283 0.042496 0.837220
0.058047 0.028073 0.913880
0.004672 0.040444 0.954884
0.139388 0.038382 0.822230
0.000010 0.027614 0.972376
0.000010 0.015871 0.984119
0.097052 0.043234 0.859714
0.090109 0.020355 0.889536
0.037704 0.038836 0.923461
0.056930 0.034032 0.909038
0.000010 0.019954 0.980036
0.026794 0.021238 0.951968
0.169552 0.084593 0.745855
0.043371 0.034588 0.922040
0.091627 0.044651 0.863722
0.167343 0.034275 0.798382
0.132186 0.037962 0.829852
0.000010 0.014604 0.985386
0.103915 0.044196 0.851889
0.000010 0.020107 0.979883
0.116055 0.039457 0.844488
0.125433 0.042367 0.832201
0.176331 0.035126 0.788543
0.015522 0.034587 0.949890
0.000010 0.005006 0.994984
0.038035 0.023003 0.938962
0.051052 0.030432 0.918516
0.063082 0.026610 0.910308
0.121021 0.033308 0.845671
0.067255 0.035476 0.897268
0.067037 0.019177 0.913786
0.133700 0.023253 0.843047
0.045773 0.034302 0.919925
0.153821 0.021880 0.824299
0.026510 0.014631 0.958859
0.110184 0.042364 0.847452
0.453401 0.024186 0.522412
0.449767 0.031320 0.518913
0.466971 0.028310 0.504718
0.461693 0.021459 0.516849
0.430902 0.023069 0.546029
0.497536 0.019769 0.482695
0.466885 0.024341 0.508774
0.494557 0.025514 0.479929
0.502168 0.023564 0.474268
0.454987 0.020653 0.524359
0.461192 0.028796 0.510012
0.464204 0.022308 0.513489
0.465705 0.021860 0.512435
0.379388 0.007760 0.612852
0.504694 0.002253 0.493053
0.524096 0.009127 0.466778
0.526107 0.005223 0.468670
0.531330 0.012078 0.456592
0.499495 0.000010 0.500495
0.492698 0.011862 0.495440
0.564704 0.004611 0.430685
0.615825 0.004824 0.379350
0.549265 0.001346 0.449389
0.532072 0.007385 0.460542
0.531397 0.005625 0.462977
0.522664 0.000010 0.477326
0.549243 0.000777 0.449980
0.517821 0.009576 0.472603
0.473185 0.006140 0.520675
0.536211 0.012296 0.451493
0.547207 0.000010 0.452783
0.523433 0.009017 0.467551
0.499530 0.000066 0.500404
0.527564 0.016355 0.456081
0.547107 0.003169 0.449724
0.525575 0.015321 0.459104
0.543835 0.000825 0.455340
0.546275 0.008629 0.445096
0.557283 0.016284 0.426432
0.506062 0.021209 0.472728
0.530181 0.035980 0.433840
0.596031 0.000623 0.403345
0.529079 0.011084 0.459837
0.575863 0.014176 0.409961
0.587172 0.001998 0.410830
0.523162 0.001859 0.474979
0.550978 0.000010 0.449012
0.576377 0.003330 0.420294
0.545483 0.006398 0.448119
0.543346 0.017585 0.439070
0.488038 0.000010 0.511952
0.576209 0.007579 0.416213
0.573522 0.003328 0.423150
0.522860 0.019467 0.457673
0.522347 0.002378 0.475276
0.549007 0.016980 0.434013
0.536093 0.009061 0.454847
0.652541 0.000010 0.347449
0.872410 0.001806 0.125784
0.838861 0.007423 0.153716
0.849958 0.012503 0.137539
0.846712 0.018181 0.135107
0.881279 0.009466 0.109255
0.808256 0.011876 0.179868
0.872316 0.017398 0.110286
0.922031 0.009488 0.068481
0.903721 0.013287 0.082992
0.731546 0.025098 0.243356
0.828634 0.006331 0.165035
0.859879 0.000682 0.139440
0.900326 0.001933 0.097742
0.869600 0.007180 0.123221
0.848339 0.015719 0.135942
0.877173 0.000735 0.122092
0.874580 0.011494 0.113926
0.866503 0.013825 0.119673
0.823995 0.000010 0.175995
0.815525 0.000010 0.184465
0.885418 0.000010 0.114572
0.891966 0.006645 0.101389
0.897095 0.003558 0.099347
0.805402 0.007899 0.186699
0.843683 0.003450 0.152867
0.824802 0.006782 0.168416
0.866633 0.017249 0.116118
0.106404 0.010090 0.883506
0.086319 0.003556 0.910125
0.157522 0.003917 0.838561
0.146568 0.006656 0.846775
0.153547 0.002092 0.844362
0.085049 0.008996 0.905955
0.130003 0.000010 0.869987
0.097707 0.004128 0.898165
0.119091 0.004096 0.876813
0.119022 0.002451 0.878526
0.136255 0.000010 0.863735
0.102022 0.001692 0.896286
0.124734 0.000265 0.875001
0.082272 0.004404 0.913324
0.086114 0.012193 0.901693
0.137280 0.000010 0.862710
0.157854 0.001849 0.840297
0.102844 0.000453 0.896702
0.156470 0.011017 0.832513
0.123989 0.000010 0.876001
0.132905 0.000010 0.867085
0.220053 0.013721 0.766226
0.094249 0.000010 0.905741
0.335923 0.005216 0.658861
0.114694 0.000010 0.885296
0.146725 0.002008 0.851267
0.087342 0.000010 0.912648
0.114182 0.007306 0.878512
0.334192 0.008961 0.656847
0.875720 0.011319 0.112962
0.946847 0.008415 0.044738
0.953100 0.012352 0.034548
0.877016 0.005068 0.117916
0.922814 0.002893 0.074293
0.946834 0.005357 0.047809
0.936323 0.005474 0.058204
0.938862 0.009590 0.051549
0.945974 0.007044 0.046981
0.874838 0.010987 0.114174
0.876535 0.009631 0.113834
0.907049 0.005054 0.087897
0.950104 0.013418 0.036478
0.943522 0.012614 0.043864
0.919313 0.010588 0.070099
0.910098 0.010171 0.079731
0.917820 0.009326 0.072854
0.888029 0.014115 0.097856
0.890382 0.003906 0.105712
0.937530 0.007957 0.054513
0.936126 0.000010 0.063864
0.873649 0.000010 0.126341
0.856656 0.009357 0.133987
0.888530 0.008294 0.103176
0.912113 0.009515 0.078372
0.868010 0.009228 0.122762
0.972867 0.011181 0.015952
0.908474 0.012979 0.078547
0.840752 0.007787 0.151461
0.960439 0.007000 0.032561
0.945187 0.000010 0.054803
0.929577 0.005805 0.064618
0.898448 0.000010 0.101542
0.868088 0.011636 0.120276
0.541920 0.005672 0.452407
0.456071 0.008844 0.535084
0.492575 0.001705 0.505720
0.571498 0.005600 0.422902
0.560908 0.000010 0.439082
0.565475 0.001433 0.433091
0.599215 0.007356 0.393430
0.570143 0.005483 0.424374
0.591989 0.001320 0.406691
0.601341 0.009627 0.389032
0.522461 0.000095 0.477445
0.626967 0.000010 0.373023
0.551831 0.006518 0.441652
0.503256 0.000010 0.496734
0.596347 0.006824 0.396829
0.608407 0.010895 0.380698
0.444140 0.013329 0.542531
0.401785 0.000010 0.598205
0.433569 0.000010 0.566421
0.577765 0.000010 0.422225
0.540008 0.010755 0.449237
0.557982 0.004459 0.437559
0.428115 0.008273 0.563612
0.487684 0.000010 0.512306
0.613312 0.001608 0.385080
0.610055 0.004499 0.385446
0.503292 0.006124 0.490584
0.481321 0.002041 0.516638
0.619479 0.001774 0.378747
0.449227 0.007743 0.543030
0.133202 0.004216 0.862581
0.660126 0.013331 0.326543
0.620703 0.001666 0.377631
0.642979 0.000010 0.357011
0.397589 0.001596 0.600814
0.461436 0.021255 0.517309
0.638038 0.006367 0.355596
0.598316 0.003343 0.398341
0.598877 0.010998 0.390125
0.531536 0.000010 0.468454
0.564141 0.004234 0.431625
0.486525 0.025855 0.487620
0.546476 0.006846 0.446678
0.533140 0.007240 0.459620
0.509623 0.008839 0.481538
0.553658 0.006580 0.439762
0.570270 0.000434 0.429296
0.602977 0.008238 0.388785
0.622082 0.002318 0.375601
0.595758 0.006391 0.397850
0.604906 0.008732 0.386363
0.671360 0.003077 0.325563
0.627413 0.009452 0.363135
0.643649 0.000010 0.356341
0.557748 0.005038 0.437214
0.594697 0.007821 0.397482
0.839792 0.006158 0.154050
0.831421 0.019290 0.149288
0.803429 0.015404 0.181167
0.897636 0.004257 0.098107
0.847569 0.009388 0.143043
0.867240 0.013214 0.119546
0.836718 0.009679 0.153603
0.821194 0.017708 0.161098
0.835261 0.008848 0.155891
0.829902 0.005414 0.164684
0.849816 0.004940 0.145245
0.801808 0.006467 0.191725
0.852452 0.019415 0.128132
0.847756 0.015033 0.137211
0.844962 0.008367 0.146671
0.874539 0.011309 0.114152
0.869518 0.011129 0.119353
0.815328 0.013190 0.171482
0.845224 0.013624 0.141153
0.810640 0.029766 0.159594
0.783364 0.020374 0.196262
0.820588 0.021281 0.158131
0.765057 0.027635 0.207308
0.870477 0.012601 0.116922
0.918789 0.009617 0.071594
0.916973 0.018488 0.064539
0.955441 0.003073 0.041486
0.782282 0.020417 0.197301
0.795174 0.028497 0.176329
0.809395 0.031136 0.159469
0.833166 0.016911 0.149923
0.795800 0.033123 0.171077
0.825862 0.024432 0.149706
0.811267 0.018710 0.170024
0.830451 0.007404 0.162145
0.835381 0.019476 0.145143
0.764247 0.032311 0.203442
0.769267 0.023030 0.207703
0.808781 0.019781 0.171439
0.778301 0.029553 0.192145
0.738898 0.027081 0.234021
0.765977 0.026003 0.208020
0.772128 0.026712 0.201160
0.728207 0.020846 0.250947
0.693443 0.055402 0.251155
0.741309 0.008188 0.250503
0.786216 0.042402 0.171383
0.771793 0.049773 0.178434
0.835651 0.022077 0.142272
0.834137 0.016762 0.149101
0.810065 0.020913 0.169022
0.829563 0.019997 0.150439
0.815878 0.008153 0.175969
0.798803 0.040374 0.160823
0.728575 0.053338 0.218087
0.761574 0.024721 0.213704
0.944800 0.004674 0.050526
0.761679 0.034895 0.203426
0.758238 0.026830 0.214933
0.825463 0.034235 0.140302
0.783110 0.034748 0.182142
0.776621 0.028174 0.195205
0.857928 0.013975 0.128097
0.781038 0.020318 0.198644
0.741939 0.028701 0.229360
0.834461 0.015800 0.149739
0.832701 0.017536 0.149763
0.822923 0.008536 0.168541
0.837781 0.004437 0.157782
0.819453 0.023456 0.157092
0.744371 0.033323 0.222306
0.803489 0.011794 0.184717
0.823951 0.015418 0.160631
0.799915 0.015641 0.184444
0.811938 0.007298 0.180764
0.815693 0.007141 0.177166
0.741604 0.029714 0.228681
0.788657 0.011948 0.199395
0.787263 0.041899 0.170838
0.073182 0.165587 0.761231
0.152114 0.044232 0.803654
0.119900 0.048950 0.831149
0.148501 0.036657 0.814843
0.118234 0.055280 0.826486
0.126670 0.088044 0.785286
0.108158 0.176422 0.715420
0.218082 0.030555 0.751362
0.127433 0.082123 0.790444
0.146897 0.049319 0.803784
0.114301 0.042484 0.843215
0.134545 0.110192 0.755263
0.174792 0.037116 0.788091
0.093294 0.055807 0.850899
0.151092 0.044489 0.804419
0.142717 0.062795 0.794487
0.155192 0.047563 0.797245
0.203375 0.050003 0.746622
0.171333 0.056389 0.772278
0.084166 0.112434 0.803400
0.136924 0.081139 0.781937
0.115992 0.088098 0.795909
0.188398 0.100124 0.711479
0.109571 0.094985 0.795444
0.136797 0.106533 0.756670
0.131452 0.080879 0.787668
0.132028 0.092402 0.775570
0.038132 0.547211 0.414657
0.162814 0.080631 0.756555
0.109529 0.127379 0.763092
0.159303 0.104944 0.735753
0.147990 0.083213 0.768797
0.139594 0.072444 0.787962
0.133423 0.105680 0.760897
0.108218 0.073146 0.818635
0.091396 0.092029 0.816576
0.156866 0.089586 0.753547
0.119549 0.081167 0.799284
0.129514 0.092156 0.778330
0.644934 0.000010 0.355056
0.650988 0.000010 0.349002
0.611168 0.000010 0.388822
0.629138 0.010903 0.359959
0.630605 0.005548 0.363847
0.703308 0.000010 0.296682
0.646712 0.005914 0.347374
0.643641 0.000010 0.356349
0.628787 0.001513 0.369701
0.345965 0.026100 0.627934
0.314478 0.022124 0.663399
0.383813 0.025276 0.590911
0.545411 0.003250 0.451339
0.570627 0.011633 0.417740
0.548579 0.000010 0.451411
0.465853 0.005116 0.529031
0.546529 0.016228 0.437243
0.590408 0.003181 0.406411
0.565936 0.002279 0.431786
0.644074 0.005084 0.350843
0.439168 0.077724 0.483108
0.506491 0.006131 0.487379
0.484236 0.008784 0.506980
0.477716 0.002142 0.520142
0.504726 0.000496 0.494778
0.598502 0.000010 0.401488
0.560172 0.005624 0.434204
0.587831 0.004974 0.407195
0.544187 0.008761 0.447053
0.563659 0.014443 0.421898
0.494703 0.016561 0.488736
0.453001 0.000010 0.546989
0.474698 0.004614 0.520688
0.519968 0.010376 0.469656
0.159457 0.050472 0.790071
0.193197 0.050577 0.756227
0.180888 0.054286 0.764826
0.324490 0.020594 0.654916
0.296667 0.020216 0.683117
0.308888 0.015308 0.675804
0.278788 0.011504 0.709708
0.296375 0.021565 0.682060
0.288230 0.007238 0.704532
0.323050 0.021322 0.655629
0.308734 0.023650 0.667617
0.322938 0.018378 0.658684
0.279888 0.015428 0.704684
0.303775 0.016107 0.680118
0.285756 0.020343 0.693901
0.319686 0.016599 0.663715
0.278430 0.024297 0.697273
0.270890 0.024187 0.704924
0.339377 0.018385 0.642238
0.336660 0.016528 0.646811
0.293816 0.020369 0.685814
0.344943 0.017604 0.637453
0.727728 0.002949 0.269323
0.770549 0.000106 0.229345
0.705920 0.010918 0.283163
0.701163 0.008529 0.290308
0.705710 0.015551 0.278740
0.699785 0.011569 0.288646
0.714874 0.000898 0.284228
0.716246 0.000010 0.283744
0.656830 0.000010 0.343160
0.734276 0.000463 0.265261
0.705857 0.006879 0.287263
0.712537 0.000010 0.287453
0.654179 0.008339 0.337481
0.794699 0.000381 0.204920
0.707158 0.009945 0.282897
0.730817 0.009268 0.259915
0.662794 0.000010 0.337196
0.712257 0.004724 0.283018
0.681175 0.004125 0.314700
0.687146 0.006271 0.306584
0.735151 0.003327 0.261521
0.691080 0.006643 0.302277
0.675456 0.003946 0.320598
0.683074 0.011767 0.305158
0.719441 0.009144 0.271415
0.727802 0.015253 0.256945
0.570795 0.011263 0.417942
0.619511 0.006147 0.374342
0.477061 0.014776 0.508164
0.525063 0.000010 0.474927
0.525419 0.004387 0.470194
0.610163 0.000010 0.389827
0.533189 0.012220 0.454591
0.606713 0.002116 0.391171
0.573471 0.009011 0.417518
0.613248 0.003300 0.383451
0.544434 0.007832 0.447734
0.585344 0.011405 0.403250
0.577727 0.007435 0.414838
0.538812 0.001199 0.459989
0.541051 0.000010 0.458939
0.560614 0.006819 0.432566
0.512030 0.006170 0.481800
0.563426 0.005482 0.431092
0.524953 0.007814 0.467233
0.552815 0.007321 0.439864
0.571065 0.010951 0.417984
0.582730 0.000010 0.417260
0.571906 0.001429 0.426665
0.546688 0.005402 0.447911
0.532414 0.013537 0.454049
0.733557 0.002829 0.263613
0.801007 0.003404 0.195590
0.788671 0.010123 0.201206
0.789635 0.003384 0.206981
0.747590 0.009750 0.242659
0.752843 0.001480 0.245676
0.751511 0.006556 0.241933
0.695015 0.001543 0.303442
0.745888 0.001547 0.252565
0.766560 0.000010 0.233430
0.736350 0.000344 0.263306
0.762545 0.000010 0.237445
0.762864 0.000010 0.237126
0.725582 0.004393 0.270025
0.504559 0.000010 0.495431
0.558336 0.000010 0.441654
0.531533 0.000010 0.468457
0.487476 0.000010 0.512514
0.500994 0.013549 0.485457
0.494612 0.000586 0.504803
0.556360 0.000010 0.443630
0.505132 0.000010 0.494858
0.535665 0.009330 0.455005
0.230019 0.021086 0.748895
0.250674 0.025721 0.723605
0.250294 0.023793 0.725913
0.162993 0.029455 0.807552
0.153389 0.024812 0.821799
0.070955 0.086254 0.842791
0.118810 0.088339 0.792851
0.083503 0.084714 0.831783
0.048085 0.084338 0.867577
0.061875 0.074597 0.863528
0.088678 0.116030 0.795292
0.091816 0.104915 0.803269
0.154323 0.092785 0.752892
0.054261 0.128084 0.817654
0.149543 0.109462 0.740995
0.059638 0.068460 0.871902
0.103884 0.087139 0.808976
0.078075 0.088586 0.833338
0.108904 0.106374 0.784722
0.108733 0.206900 0.684367
0.082601 0.082137 0.835262
0.080248 0.078936 0.840816
0.105388 0.085261 0.809351
0.069534 0.085148 0.845318
0.146224 0.100920 0.752856
0.166090 0.094753 0.739157
0.144108 0.091510 0.764382
0.154530 0.130392 0.715078
0.059652 0.087215 0.853133
0.090565 0.073466 0.835969
0.074408 0.098426 0.827167
0.071318 0.077693 0.850989
0.086361 0.096813 0.816825
0.116069 0.072509 0.811421
0.064504 0.126741 0.808755
0.054376 0.074653 0.870971
0.054654 0.089679 0.855667
0.099600 0.082818 0.817581
0.066632 0.092142 0.841226
0.104113 0.080287 0.815600
0.062902 0.075339 0.861760
0.135667 0.168231 0.696101
0.090973 0.118592 0.790435
0.104702 0.080233 0.815065
0.162483 0.101962 0.735555
0.100254 0.162906 0.736839
0.093875 0.086004 0.820121
0.069812 0.105224 0.824965
0.506906 0.006298 0.486796
0.491026 0.003209 0.505765
0.528486 0.006647 0.464867
0.505051 0.008822 0.486127
0.456744 0.000010 0.543246
0.436106 0.011501 0.552394
0.429594 0.000010 0.570396
0.521160 0.008122 0.470718
0.490880 0.016248 0.492872
0.473864 0.002493 0.523644
0.417300 0.000010 0.582690
0.466814 0.002833 0.530353
0.484484 0.007658 0.507858
0.480397 0.018525 0.501077
0.461603 0.007825 0.530573
0.452660 0.024433 0.522907
0.521470 0.009715 0.468814
0.523809 0.007067 0.469124
0.491122 0.010953 0.497925
0.490044 0.016676 0.493279
0.500316 0.010339 0.489345
0.492806 0.009398 0.497796
0.568382 0.010538 0.421080
0.505346 0.012713 0.481941
0.474450 0.010646 0.514904
0.443575 0.000728 0.555696
0.550854 0.009859 0.439287
0.460987 0.012750 0.526263
0.486264 0.020331 0.493405
0.522444 0.014465 0.463091
0.478995 0.013478 0.507527
0.497307 0.008342 0.494350
0.436721 0.002259 0.561020
0.482759 0.008874 0.508367
0.481204 0.013935 0.504862
0.502740 0.014218 0.483042
0.495594 0.012810 0.491596
0.498295 0.010564 0.491140
0.507292 0.002654 0.490054
0.455822 0.010979 0.533199
0.431229 0.009380 0.559391
0.510235 0.019687 0.470078
0.475511 0.018250 0.506239
0.505159 0.011305 0.483536
0.456816 0.016237 0.526947
0.509117 0.010776 0.480107
0.526325 0.032643 0.441033
0.550318 0.008912 0.440770
0.480968 0.016702 0.502331
0.486111 0.018991 0.494898
0.612375 0.008345 0.379281
0.487679 0.009325 0.502997
0.530102 0.000010 0.469888
0.490670 0.019345 0.489985
0.626707 0.101261 0.272033
0.530843 0.016000 0.453157
0.441008 0.015493 0.543499
0.474659 0.002555 0.522787
0.429216 0.005165 0.565620
0.424898 0.016969 0.558134
0.527288 0.001323 0.471389
0.723132 0.005894 0.270974
0.682955 0.000010 0.317035
0.779737 0.000187 0.220076
0.759542 0.002645 0.237814
0.728083 0.000249 0.271668
0.766685 0.004933 0.228382
0.792354 0.000010 0.207636
0.683433 0.000010 0.316557
0.730731 0.011492 0.257777
0.781955 0.000010 0.218035
0.766087 0.007678 0.226235
0.729363 0.001059 0.269577
0.780032 0.000010 0.219958
0.789235 0.000010 0.210755
0.779580 0.000915 0.219504
0.722745 0.000010 0.277245
0.698097 0.000010 0.301893
0.741611 0.000770 0.257620
0.723295 0.000010 0.276695
0.732154 0.000228 0.267617
0.754901 0.002610 0.242489
0.719321 0.005726 0.274953
0.697856 0.000010 0.302134
0.755029 0.006458 0.238513
0.805031 0.004924 0.190045
0.804063 0.000010 0.195927
0.795984 0.014120 0.189895
0.795311 0.000392 0.204298
0.804788 0.005171 0.190041
0.753733 0.008417 0.237850
0.765275 0.006456 0.228269
0.725390 0.008545 0.266066
0.750754 0.010312 0.238933
0.755785 0.009964 0.234250
0.742372 0.012875 0.244752
0.771818 0.007433 0.220749
0.703048 0.005678 0.291274
0.808262 0.001115 0.190623
0.749707 0.011293 0.239001
0.776746 0.014978 0.208276
0.747495 0.010150 0.242355
0.783950 0.005799 0.210250
0.417254 0.038021 0.544725
0.459560 0.012852 0.527588
0.901462 0.012491 0.086047
0.916882 0.009054 0.074064
0.894922 0.011820 0.093259
0.866256 0.005675 0.128068
0.946836 0.005700 0.047464
0.856637 0.008579 0.134784
0.872108 0.012960 0.114932
0.874478 0.022044 0.103478
0.889636 0.018749 0.091615
0.838521 0.017918 0.143561
0.913413 0.006251 0.080336
0.893184 0.009614 0.097203
0.889996 0.016437 0.093567
0.895113 0.002460 0.102427
0.904686 0.016087 0.079226
0.949951 0.020943 0.029106
0.834935 0.010000 0.155065
0.812933 0.011996 0.175071
0.919807 0.010368 0.069825
0.830187 0.002942 0.166870
0.899618 0.000010 0.100372
0.857940 0.000010 0.142050
0.874070 0.001340 0.124591
0.836792 0.001850 0.161358
0.908096 0.001305 0.090599
0.847828 0.000010 0.152162
0.889167 0.003361 0.107472
0.876495 0.000898 0.122607
0.842981 0.000010 0.157009
0.837591 0.020862 0.141547
0.460986 0.002417 0.536597
0.468957 0.000986 0.530058
0.455542 0.000010 0.544448
0.447566 0.002807 0.549627
0.515071 0.007369 0.477560
0.482677 0.000010 0.517313
0.470276 0.008293 0.521431
0.491205 0.000010 0.508785
0.516517 0.000010 0.483473
0.538298 0.000010 0.461692
0.500660 0.001678 0.497662
0.458827 0.000010 0.541163
0.520641 0.003105 0.476254
0.485648 0.000058 0.514294
0.453664 0.000010 0.546326
0.816975 0.018848 0.164177
0.839842 0.014631 0.145526
0.845381 0.011477 0.143142
0.851217 0.010022 0.138762
0.823370 0.024403 0.152226
0.805405 0.013639 0.180956
0.834719 0.029457 0.135824
0.741967 0.024879 0.233155
0.770969 0.028177 0.200854
0.781474 0.018104 0.200423
0.760260 0.028882 0.210858
0.777892 0.017015 0.205093
0.772318 0.043287 0.184395
0.761220 0.025184 0.213595
0.766521 0.027718 0.205761
0.748254 0.039257 0.212488
0.789111 0.018608 0.192280
0.788272 0.039276 0.172452
0.766475 0.017148 0.216378
0.803978 0.041940 0.154082
0.757356 0.033599 0.209046
0.832027 0.029273 0.138700
0.804247 0.038918 0.156835
0.828515 0.022383 0.149102
0.849599 0.025005 0.125396
0.771963 0.039586 0.188451
0.819405 0.005519 0.175077
0.814916 0.018565 0.166519
0.786699 0.028644 0.184657
0.790472 0.022684 0.186844
0.766128 0.028071 0.205801
0.691903 0.050538 0.257559
0.792510 0.032538 0.174953
0.829033 0.028333 0.142634
0.000010 0.999980 0.000010
0.000010 0.999980 0.000010
0.000016 0.999974 0.000010
0.000010 0.999980 0.000010
0.000010 0.999980 0.000010
0.000010 0.999980 0.000010
0.000020 0.999970 0.000010
0.000010 0.999980 0.000010
0.000010 0.999980 0.000010
0.000010 0.999980 0.000010
0.000014 0.999976 0.000010
0.000010 0.999980 0.000010
0.193075 0.038776 0.768149
0.170518 0.062114 0.767368
0.140090 0.070773 0.789137
0.154460 0.059560 0.785980
0.142473 0.061597 0.795930
0.083435 0.107105 0.809460
0.072820 0.109228 0.817952
0.074625 0.091167 0.834208
0.205505 0.041563 0.752932
0.175764 0.057526 0.766710
0.146305 0.045507 0.808188
0.155029 0.014855 0.830116
0.049100 0.119923 0.830977
0.093424 0.093778 0.812798
0.225845 0.074249 0.699906
0.208258 0.103696 0.688046
0.323810 0.022014 0.654176
0.301458 0.026901 0.671641
0.271555 0.033239 0.695206
0.199615 0.031874 0.768511
0.262754 0.045617 0.691629
0.276243 0.030391 0.693366
0.251155 0.019533 0.729312
0.220422 0.034850 0.744728
0.252972 0.043021 0.704006
0.217547 0.031651 0.750803
0.263083 0.025538 0.711379
0.239201 0.042040 0.718759
0.177995 0.040765 0.781240
0.236752 0.018754 0.744494
0.309397 0.025076 0.665527
0.290333 0.029368 0.680299
0.278758 0.024032 0.697210
0.191236 0.039969 0.768795
0.273725 0.028859 0.697416
0.604735 0.000010 0.395255
0.601172 0.012349 0.386479
0.604677 0.007384 0.387939
0.649714 0.005451 0.344836
0.611147 0.019451 0.369402
0.627149 0.010713 0.362137
0.569237 0.000010 0.430753
0.542729 0.023474 0.433797
0.481317 0.024397 0.494287
0.518253 0.025225 0.456522
0.489872 0.031481 0.478647
0.551795 0.017751 0.430454
0.485010 0.021688 0.493303
0.518127 0.032462 0.449412
0.499822 0.013792 0.486386
0.473085 0.004103 0.522812
0.570857 0.022188 0.406955
0.472751 0.019801 0.507448
0.435964 0.017030 0.547006
0.496048 0.019368 0.484584
0.442281 0.026127 0.531592
0.451108 0.015766 0.533126
0.543949 0.017286 0.438765
0.500721 0.019367 0.479913
0.443174 0.039218 0.517608
0.552105 0.003469 0.444427
0.513881 0.001013 0.485106
0.583487 0.000010 0.416503
0.589391 0.003283 0.407327
0.553233 0.006129 0.440638
0.558764 0.003842 0.437394
0.568870 0.003129 0.428000
0.573023 0.007436 0.419541
0.544054 0.000010 0.455936
0.533287 0.006977 0.459736
0.580295 0.000780 0.418925
0.564932 0.000728 0.434340
0.559864 0.002683 0.437453
0.529281 0.002708 0.468012
0.629395 0.000010 0.370595
0.557564 0.007164 0.435273
0.561257 0.000230 0.438513
0.498026 0.006246 0.495728
0.571937 0.000010 0.428053
0.539060 0.006316 0.454624
0.562704 0.005929 0.431367
0.486994 0.000058 0.512948
0.569329 0.000010 0.430661
0.557259 0.000843 0.441898
