0.000010 0.014495 0.281963 0.411860 0.291672
0.000010 0.007077 0.288047 0.436536 0.268330
0.000010 0.021887 0.281734 0.398195 0.298175
0.009391 0.010301 0.092804 0.441756 0.445747
0.000010 0.000010 0.102753 0.424726 0.472501
0.002927 0.013955 0.074168 0.459966 0.448984
0.000010 0.000010 0.115975 0.421307 0.462698
0.000010 0.005744 0.083094 0.437275 0.473876
0.004845 0.005608 0.106026 0.411557 0.471965
0.000010 0.001917 0.122344 0.425618 0.450111
0.000693 0.000010 0.132870 0.411815 0.454611
0.008811 0.002787 0.092813 0.446924 0.448664
0.003166 0.000010 0.125152 0.421119 0.450554
0.002675 0.000010 0.102837 0.442191 0.452287
0.017195 0.000010 0.094346 0.359731 0.528719
0.000010 0.005504 0.079283 0.416787 0.498417
0.003354 0.003876 0.101182 0.410869 0.480719
0.003563 0.000010 0.093093 0.377246 0.526089
0.016410 0.000560 0.099282 0.393963 0.489785
0.003123 0.000010 0.106213 0.396488 0.494165
0.003170 0.000010 0.104846 0.424353 0.467621
0.002942 0.000010 0.106698 0.405864 0.484487
0.003039 0.012088 0.100361 0.391809 0.492704
0.005323 0.000305 0.119123 0.395217 0.480031
0.000010 0.009478 0.063281 0.406544 0.520687
0.004296 0.011666 0.077296 0.369230 0.537513
0.003471 0.010755 0.099476 0.390652 0.495645
0.000010 0.025008 0.072915 0.380273 0.521794
0.000010 0.009167 0.090801 0.388908 0.511114
0.002595 0.008943 0.095441 0.394128 0.498893
0.006535 0.000010 0.104413 0.372063 0.516978
0.007468 0.008713 0.076765 0.377417 0.529637
0.006695 0.006453 0.089873 0.374860 0.522120
0.002464 0.001738 0.095634 0.409385 0.490779
0.006297 0.001924 0.082513 0.406639 0.502627
0.006113 0.006351 0.101854 0.401422 0.484260
0.003950 0.000010 0.115401 0.369988 0.510651
0.008632 0.011845 0.059028 0.433361 0.487134
0.000010 0.052150 0.272542 0.305078 0.370219
0.001940 0.005881 0.290713 0.330037 0.371429
0.000010 0.007903 0.295821 0.363117 0.333149
0.000010 0.090327 0.260456 0.290546 0.358661
0.000010 0.050056 0.264292 0.330254 0.355388
0.000010 0.032304 0.277099 0.364933 0.325654
0.000010 0.016985 0.288409 0.357662 0.336933
0.000010 0.051826 0.247806 0.274771 0.425587
0.000010 0.055262 0.292578 0.303278 0.348873
0.000010 0.024972 0.264959 0.377060 0.333000
0.003742 0.005466 0.291596 0.364224 0.334973
0.000010 0.020171 0.260880 0.353055 0.365884
0.000010 0.022764 0.285773 0.348739 0.342714
0.000010 0.025454 0.264382 0.333314 0.376840
0.000010 0.008104 0.281763 0.367012 0.343110
0.000010 0.069235 0.251687 0.338743 0.340325
0.459681 0.035125 0.000659 0.504525 0.000010
0.449440 0.018879 0.024815 0.506856 0.000010
0.471577 0.029880 0.000010 0.498523 0.000010
0.478798 0.023547 0.016082 0.481562 0.000010
0.434188 0.021323 0.011923 0.532556 0.000010
0.454521 0.013067 0.010248 0.522153 0.000010
0.453379 0.033467 0.012955 0.500189 0.000010
0.447188 0.028986 0.012556 0.511260 0.000010
0.445291 0.019115 0.014172 0.521412 0.000010
0.468061 0.023082 0.019595 0.489252 0.000010
0.964568 0.012543 0.001898 0.020980 0.000010
0.958323 0.025850 0.000014 0.015803 0.000010
0.963663 0.009003 0.002871 0.024454 0.000010
0.944111 0.006804 0.013778 0.035297 0.000010
0.967463 0.003152 0.007968 0.021408 0.000010
0.965349 0.009981 0.000010 0.019352 0.005307
0.956998 0.003797 0.000010 0.039184 0.000010
0.957367 0.016439 0.000010 0.026174 0.000010
0.966050 0.005319 0.006073 0.022548 0.000010
0.970705 0.006857 0.000010 0.022418 0.000010
0.948866 0.006110 0.012220 0.032795 0.000010
0.949522 0.023665 0.000010 0.026793 0.000010
0.969028 0.015086 0.000010 0.015866 0.000010
0.000804 0.002144 0.078394 0.393869 0.524790
0.001287 0.011766 0.113784 0.374414 0.498748
0.003248 0.009221 0.101659 0.384231 0.501640
0.009165 0.008143 0.083084 0.389923 0.509684
0.005460 0.000502 0.114188 0.387364 0.492487
0.013443 0.000361 0.081163 0.395432 0.509600
0.000010 0.009957 0.081733 0.423694 0.484606
0.000010 0.012059 0.092426 0.404260 0.491245
0.000010 0.015348 0.096675 0.397121 0.490846
0.008217 0.010424 0.119456 0.380131 0.481772
0.002321 0.009662 0.099332 0.397252 0.491433
0.001627 0.001158 0.103175 0.391731 0.502309
0.004494 0.002669 0.092203 0.387990 0.512644
0.009710 0.013154 0.080608 0.376412 0.520117
0.001295 0.000010 0.102188 0.427752 0.468754
0.004678 0.000010 0.101939 0.385167 0.508206
0.004262 0.009161 0.078850 0.402021 0.505707
0.000010 0.001016 0.092071 0.397021 0.509883
0.010103 0.016731 0.085986 0.397948 0.489232
0.008765 0.000010 0.120324 0.394990 0.475911
0.000010 0.009940 0.105965 0.403837 0.480248
0.000010 0.007418 0.098738 0.397596 0.496238
0.008351 0.006179 0.072368 0.414386 0.498715
0.000010 0.005079 0.110128 0.421387 0.463395
0.000010 0.006120 0.123611 0.377657 0.492602
0.000010 0.000010 0.092855 0.374572 0.532553
0.003422 0.007320 0.104319 0.377090 0.507848
0.000010 0.001820 0.081586 0.369842 0.546742
0.000010 0.003136 0.098407 0.398340 0.500107
0.000010 0.000247 0.101105 0.420494 0.478144
0.746085 0.037314 0.001130 0.215461 0.000010
0.751890 0.029536 0.000010 0.218554 0.000010
0.717867 0.038300 0.002320 0.241503 0.000010
0.743821 0.033598 0.000010 0.222561 0.000010
0.745211 0.030268 0.000010 0.224501 0.000010
0.728406 0.028803 0.002109 0.240672 0.000010
0.736897 0.030207 0.010727 0.222159 0.000010
0.711898 0.040285 0.002393 0.245415 0.000010
0.717586 0.035591 0.001095 0.245719 0.000010
0.730031 0.035119 0.000010 0.234829 0.000010
0.725609 0.030967 0.000010 0.243404 0.000010
0.718516 0.023255 0.010969 0.247250 0.000010
0.734292 0.028581 0.000010 0.237107 0.000010
0.728176 0.028405 0.007283 0.236126 0.000010
0.724300 0.031550 0.009883 0.234256 0.000010
0.000010 0.008195 0.207348 0.532371 0.252076
0.000010 0.000010 0.277531 0.493932 0.228517
0.000010 0.000010 0.247710 0.525855 0.226416
0.000010 0.000010 0.240651 0.527683 0.231647
0.000010 0.000010 0.232859 0.528093 0.239029
0.000010 0.000010 0.259624 0.494842 0.245514
0.000010 0.000010 0.266060 0.501812 0.232108
0.002169 0.000010 0.227041 0.502024 0.268757
0.000010 0.000010 0.241355 0.525169 0.233456
0.000010 0.000010 0.236074 0.412249 0.351656
0.000010 0.009039 0.213246 0.524846 0.252859
0.000010 0.000010 0.226271 0.530704 0.243004
0.004288 0.000010 0.261091 0.507310 0.227301
0.000010 0.000010 0.260345 0.498008 0.241627
0.000010 0.000010 0.238056 0.529545 0.232379
0.000014 0.000010 0.257715 0.495988 0.246273
0.000010 0.060886 0.285183 0.428563 0.225357
0.013664 0.046251 0.285161 0.423773 0.231151
0.003324 0.083565 0.277296 0.419628 0.216186
0.012390 0.040457 0.285927 0.399715 0.261511
0.000219 0.063963 0.311095 0.417524 0.207198
0.011811 0.063811 0.299387 0.405677 0.219314
0.002798 0.037457 0.304437 0.415985 0.239324
0.005708 0.040873 0.294341 0.430713 0.228363
0.000010 0.065662 0.262927 0.417470 0.253931
0.007170 0.047318 0.300092 0.435961 0.209458
0.013958 0.057920 0.280767 0.422081 0.225275
0.000189 0.061363 0.294419 0.421150 0.222879
0.004517 0.051393 0.290861 0.432597 0.220632
0.006657 0.043558 0.303144 0.419054 0.227587
0.010329 0.065864 0.281254 0.391283 0.251269
0.007071 0.072237 0.268748 0.296462 0.355482
0.000010 0.054387 0.261737 0.327872 0.355994
0.000010 0.047793 0.281728 0.350490 0.319979
0.000779 0.009617 0.572470 0.268576 0.148559
0.006567 0.072280 0.629948 0.175900 0.115306
0.170962 0.023638 0.453570 0.225040 0.126789
0.004866 0.034849 0.653904 0.189037 0.117344
0.132666 0.018602 0.508154 0.234606 0.105972
0.025240 0.022527 0.551870 0.299834 0.100529
0.017632 0.018142 0.552926 0.278724 0.132576
0.012944 0.017391 0.582312 0.222743 0.164610
0.007530 0.083927 0.531189 0.228495 0.148858
0.018240 0.132697 0.702041 0.051857 0.095166
0.023366 0.014507 0.596158 0.208700 0.157269
0.008351 0.025681 0.584485 0.272204 0.109280
0.104017 0.028518 0.493239 0.270070 0.104156
0.053719 0.020718 0.519067 0.239864 0.166632
0.017018 0.016448 0.579417 0.277963 0.109154
0.010781 0.031431 0.568948 0.192377 0.196464
0.005263 0.022450 0.604630 0.254281 0.113376
0.013928 0.024071 0.570508 0.261870 0.129623
0.025982 0.042396 0.633810 0.179861 0.117952
0.008743 0.055415 0.638620 0.226628 0.070595
0.019493 0.033651 0.609232 0.199570 0.138054
0.023879 0.039991 0.614058 0.213423 0.108650
0.044605 0.021017 0.598009 0.203447 0.132923
0.984004 0.000010 0.011058 0.000010 0.004918
0.974600 0.000010 0.009787 0.013234 0.002369
0.973701 0.002249 0.008541 0.003259 0.012249
0.925834 0.013268 0.000214 0.056651 0.004033
0.972992 0.008132 0.000010 0.014954 0.003912
0.897158 0.010733 0.000010 0.091539 0.000560
0.890805 0.000010 0.000010 0.104240 0.004935
0.975845 0.002192 0.000010 0.008045 0.013908
0.979157 0.000010 0.014799 0.000010 0.006025
0.995660 0.000010 0.004310 0.000010 0.000010
0.992358 0.000010 0.000010 0.000010 0.007612
0.980005 0.003165 0.016810 0.000010 0.000010
0.992536 0.001902 0.004172 0.000010 0.001380
0.994781 0.000010 0.000010 0.000010 0.005189
0.986351 0.004488 0.005171 0.000010 0.003980
0.987936 0.000010 0.002376 0.002666 0.007012
0.991248 0.000010 0.004266 0.000010 0.004465
0.016325 0.000010 0.006649 0.272313 0.704703
0.012778 0.005167 0.002752 0.267386 0.711916
0.013400 0.006118 0.004541 0.236486 0.739455
0.006009 0.009830 0.016153 0.221608 0.746399
0.008400 0.007533 0.016277 0.247840 0.719950
0.014626 0.000010 0.003076 0.239440 0.742848
0.014371 0.002028 0.000010 0.265153 0.718438
0.001672 0.005005 0.030740 0.276639 0.685944
0.003561 0.000010 0.022650 0.265809 0.707970
0.000010 0.008102 0.015771 0.242619 0.733499
0.016588 0.004103 0.000010 0.234110 0.745189
0.001877 0.007646 0.023083 0.248317 0.719077
0.000010 0.009454 0.000010 0.256150 0.734376
0.000568 0.019989 0.011085 0.230412 0.737945
0.000010 0.014462 0.015741 0.253564 0.716223
0.000010 0.009991 0.015551 0.237033 0.737415
0.000010 0.017875 0.000010 0.255407 0.726698
0.010746 0.012037 0.001339 0.255531 0.720346
0.000012 0.000010 0.007675 0.250103 0.742200
0.000012 0.000010 0.020860 0.245542 0.733576
0.000038 0.004816 0.000450 0.262821 0.731875
0.002928 0.000326 0.038248 0.236492 0.722006
0.007778 0.008182 0.000010 0.262092 0.721938
0.085051 0.024983 0.095483 0.794473 0.000010
0.089234 0.015926 0.085202 0.756407 0.053231
0.114770 0.007058 0.113646 0.606184 0.158342
0.063559 0.022597 0.086870 0.826965 0.000010
0.176653 0.021287 0.070072 0.582691 0.149296
0.056266 0.008597 0.091843 0.843285 0.000010
0.082788 0.009752 0.181933 0.578737 0.146790
0.095208 0.006016 0.156050 0.636927 0.105799
0.078374 0.014787 0.168261 0.627200 0.111378
0.051861 0.028101 0.075365 0.840930 0.003742
0.058022 0.010499 0.101348 0.830121 0.000010
0.093752 0.000010 0.141092 0.615025 0.150121
0.136322 0.018109 0.129683 0.585863 0.130023
0.836996 0.012312 0.018005 0.132677 0.000010
0.099041 0.006355 0.138059 0.620501 0.136044
0.077925 0.013910 0.084073 0.820560 0.003532
0.085530 0.002016 0.113000 0.791048 0.008405
0.086010 0.011024 0.157001 0.604109 0.141857
0.085040 0.006739 0.171173 0.607194 0.129854
0.141782 0.022751 0.100984 0.734473 0.000010
0.092546 0.015442 0.161594 0.581751 0.148667
0.103763 0.016431 0.137090 0.587485 0.155231
0.059709 0.012877 0.093439 0.833965 0.000010
0.156674 0.004356 0.129140 0.590891 0.118939
0.149261 0.002712 0.126401 0.571813 0.149813
0.119244 0.015304 0.147213 0.597316 0.120922
0.073064 0.009227 0.107580 0.791646 0.018483
0.105366 0.017943 0.121350 0.622308 0.133033
0.151931 0.000010 0.110724 0.609589 0.127747
0.088888 0.013945 0.101336 0.696618 0.099212
0.161558 0.009938 0.116936 0.575623 0.135945
0.073027 0.010562 0.113389 0.781919 0.021103
0.083352 0.004900 0.150943 0.652829 0.107977
0.052757 0.015656 0.097492 0.834085 0.000010
0.081611 0.004670 0.159590 0.606790 0.147340
0.123325 0.000010 0.150499 0.572182 0.153985
0.195729 0.000010 0.082719 0.601591 0.119950
0.089425 0.026440 0.144255 0.619778 0.120101
0.069640 0.030962 0.089624 0.804316 0.005458
0.047917 0.015400 0.099040 0.837634 0.000010
0.060161 0.032254 0.087237 0.793876 0.026473
0.078688 0.021332 0.083987 0.791444 0.024549
0.065149 0.016869 0.124833 0.793139 0.000010
0.067929 0.005268 0.177192 0.583063 0.166547
0.057797 0.019313 0.101798 0.813701 0.007391
0.009675 0.023215 0.112807 0.070019 0.784285
0.020045 0.007373 0.063817 0.083403 0.825361
0.005142 0.009317 0.085578 0.071994 0.827969
0.009995 0.022365 0.090410 0.068507 0.808723
0.000010 0.018772 0.106129 0.082477 0.792611
0.000010 0.015571 0.075196 0.082559 0.826664
0.007503 0.012416 0.101919 0.028838 0.849324
0.003066 0.015958 0.120336 0.093116 0.767524
0.010690 0.018264 0.081813 0.034644 0.854589
0.006813 0.019461 0.062494 0.055325 0.855907
0.008628 0.019789 0.095236 0.033772 0.842575
0.002834 0.016349 0.093782 0.062684 0.824352
0.000010 0.019300 0.104542 0.073131 0.803017
0.001739 0.038624 0.063175 0.070303 0.826159
0.003828 0.024991 0.080189 0.073281 0.817710
0.008154 0.014160 0.095692 0.044497 0.837497
0.999960 0.000010 0.000010 0.000010 0.000010
0.999960 0.000010 0.000010 0.000010 0.000010
0.999960 0.000010 0.000010 0.000010 0.000010
0.999960 0.000010 0.000010 0.000010 0.000010
0.999960 0.000010 0.000010 0.000010 0.000010
0.999960 0.000010 0.000010 0.000010 0.000010
0.999960 0.000010 0.000010 0.000010 0.000010
0.999960 0.000010 0.000010 0.000010 0.000010
0.999960 0.000010 0.000010 0.000010 0.000010
0.999960 0.000010 0.000010 0.000010 0.000010
0.999960 0.000010 0.000010 0.000010 0.000010
0.999960 0.000010 0.000010 0.000010 0.000010
0.999960 0.000010 0.000010 0.000010 0.000010
0.999960 0.000010 0.000010 0.000010 0.000010
0.999960 0.000010 0.000010 0.000010 0.000010
0.999960 0.000010 0.000010 0.000010 0.000010
0.999960 0.000010 0.000010 0.000010 0.000010
0.999960 0.000010 0.000010 0.000010 0.000010
0.999960 0.000010 0.000010 0.000010 0.000010
0.000010 0.006748 0.089750 0.211565 0.691927
0.004492 0.012436 0.096929 0.214473 0.671670
0.002927 0.007166 0.098596 0.194709 0.696602
0.002648 0.009531 0.097465 0.174891 0.715465
0.000010 0.028589 0.119243 0.192052 0.660106
0.000010 0.005881 0.101836 0.201769 0.690504
0.000010 0.022880 0.080549 0.219464 0.677097
0.000513 0.010440 0.065471 0.222552 0.701025
0.000010 0.000958 0.095869 0.223867 0.679297
0.006710 0.004092 0.094775 0.208688 0.685736
0.000574 0.003434 0.103616 0.226858 0.665518
0.000010 0.012351 0.097896 0.195735 0.694008
0.005040 0.012127 0.067831 0.157993 0.757009
0.000010 0.000010 0.086404 0.237614 0.675962
0.027426 0.028658 0.585672 0.230255 0.127989
0.013972 0.029585 0.597823 0.246427 0.112193
0.025472 0.030601 0.612193 0.220395 0.111338
0.018241 0.022378 0.583839 0.253637 0.121905
0.011952 0.026738 0.574716 0.255615 0.130979
0.008794 0.035573 0.587314 0.250383 0.117937
0.009192 0.020301 0.615049 0.262418 0.093040
0.005170 0.029962 0.604996 0.237317 0.122555
0.017822 0.061553 0.539752 0.236352 0.144521
0.039419 0.010020 0.593732 0.232677 0.124151
0.011344 0.028226 0.583573 0.254169 0.122688
0.005504 0.026941 0.600398 0.241745 0.125411
0.033331 0.038986 0.594819 0.215513 0.117352
0.143695 0.036817 0.493732 0.209127 0.116629
0.016361 0.038342 0.603844 0.209611 0.131841
0.008412 0.030662 0.597903 0.239703 0.123321
0.024877 0.041454 0.627723 0.233105 0.072841
0.048424 0.051721 0.625054 0.176556 0.098245
0.007982 0.033996 0.555072 0.209473 0.193476
0.040178 0.027541 0.576996 0.232846 0.122440
0.015770 0.025561 0.587321 0.229632 0.141716
0.062130 0.017207 0.546614 0.261625 0.112423
0.023284 0.012305 0.601164 0.226449 0.136797
0.009681 0.009421 0.106233 0.282242 0.592423
0.000010 0.011883 0.085375 0.300170 0.602561
0.000010 0.005315 0.094656 0.332391 0.567628
0.000758 0.014340 0.080864 0.265606 0.638432
0.000010 0.013083 0.077609 0.277545 0.631753
0.006591 0.010221 0.112822 0.271513 0.598853
0.000010 0.010162 0.074248 0.354346 0.561234
0.002201 0.039645 0.069351 0.270984 0.617819
0.003960 0.013984 0.091952 0.249754 0.640349
0.000806 0.008796 0.116558 0.281165 0.592675
0.000010 0.007824 0.138574 0.282461 0.571131
0.009878 0.014586 0.072147 0.273949 0.629439
0.001097 0.022448 0.078494 0.260458 0.637503
0.005533 0.015724 0.079584 0.274679 0.624480
0.002325 0.017800 0.097477 0.277278 0.605119
0.000010 0.021510 0.098384 0.279769 0.600327
0.003792 0.003074 0.089856 0.269844 0.633434
0.000010 0.018324 0.105091 0.285311 0.591265
0.000010 0.009636 0.113944 0.289581 0.586829
0.000010 0.014918 0.075719 0.307266 0.602087
0.002486 0.016861 0.083314 0.320290 0.577049
0.011248 0.019071 0.112309 0.247278 0.610094
0.000010 0.020698 0.074116 0.260987 0.644188
0.000010 0.029718 0.180619 0.303773 0.485880
0.000010 0.051871 0.124833 0.309897 0.513389
0.009922 0.003055 0.097019 0.281398 0.608604
0.001850 0.000010 0.094718 0.239750 0.663672
0.000010 0.005265 0.093914 0.303133 0.597678
0.005494 0.024505 0.100399 0.294635 0.574968
0.004220 0.026018 0.089550 0.268472 0.611740
0.011132 0.168533 0.576055 0.056792 0.187489
0.001682 0.161437 0.565286 0.087771 0.183823
0.002876 0.156802 0.607332 0.064471 0.168520
0.000010 0.168595 0.597356 0.096057 0.137982
0.004182 0.160434 0.588915 0.102504 0.143966
0.005357 0.158655 0.579485 0.077808 0.178695
0.004958 0.151997 0.613036 0.103440 0.126570
0.013617 0.142423 0.570447 0.102255 0.171258
0.001606 0.174144 0.586109 0.050075 0.188067
0.000010 0.175399 0.583426 0.094630 0.146535
0.008222 0.179978 0.625617 0.074904 0.111279
0.001252 0.172355 0.564282 0.096174 0.165937
0.004496 0.158606 0.607595 0.095310 0.133993
0.000010 0.157515 0.587528 0.085710 0.169237
0.006081 0.166930 0.583832 0.072208 0.170949
0.000010 0.168280 0.545181 0.102063 0.184466
0.005802 0.183296 0.589806 0.073451 0.147645
0.000010 0.158820 0.592951 0.070755 0.177464
0.003329 0.162694 0.586463 0.074989 0.172526
0.007392 0.161479 0.566461 0.101817 0.162851
0.004601 0.151090 0.567175 0.081498 0.195636
0.008159 0.128162 0.596098 0.088763 0.178818
0.000010 0.145973 0.605994 0.087003 0.161020
0.005993 0.147134 0.633469 0.063753 0.149651
0.000010 0.169462 0.571420 0.095021 0.164088
0.016293 0.000010 0.125651 0.464776 0.393271
0.007987 0.000010 0.107494 0.489345 0.395164
0.008896 0.000010 0.098837 0.489522 0.402735
0.019599 0.000010 0.103109 0.481560 0.395722
0.013169 0.012798 0.105287 0.459356 0.409391
0.010370 0.000010 0.100796 0.449335 0.439489
0.007215 0.007921 0.125217 0.495552 0.364096
0.012354 0.010345 0.078549 0.486654 0.412099
0.009920 0.000010 0.114768 0.477969 0.397333
0.002053 0.004446 0.115048 0.454295 0.424158
0.011810 0.005878 0.129563 0.440025 0.412725
0.019165 0.000010 0.095360 0.492745 0.392720
0.005486 0.000010 0.088772 0.491822 0.413911
0.019181 0.000010 0.100047 0.472895 0.407866
0.005489 0.003414 0.127564 0.443227 0.420306
0.011946 0.000010 0.136622 0.458213 0.393209
0.017598 0.002809 0.104303 0.497923 0.377368
0.000010 0.999960 0.000010 0.000010 0.000010
0.000010 0.999960 0.000010 0.000010 0.000010
0.000010 0.994585 0.000010 0.005385 0.000010
0.000010 0.990738 0.009232 0.000010 0.000010
0.000010 0.999960 0.000010 0.000010 0.000010
0.000010 0.999960 0.000010 0.000010 0.000010
0.000010 0.999960 0.000010 0.000010 0.000010
0.000010 0.999960 0.000010 0.000010 0.000010
0.000010 0.981526 0.016275 0.000010 0.002179
0.000010 0.999960 0.000010 0.000010 0.000010
0.000010 0.993374 0.000010 0.000383 0.006222
0.000010 0.989498 0.000010 0.010472 0.000010
0.000010 0.998393 0.001577 0.000010 0.000010
0.000010 0.990905 0.009065 0.000010 0.000010
0.000010 0.988371 0.011599 0.000010 0.000010
0.000010 0.999960 0.000010 0.000010 0.000010
0.000010 0.994577 0.000010 0.000010 0.005393
0.000010 0.999960 0.000010 0.000010 0.000010
0.000010 0.999960 0.000010 0.000010 0.000010
0.000010 0.993286 0.006684 0.000010 0.000010
0.000010 0.999960 0.000010 0.000010 0.000010
0.000010 0.999960 0.000010 0.000010 0.000010
0.000010 0.999960 0.000010 0.000010 0.000010
0.000010 0.999960 0.000010 0.000010 0.000010
0.000010 0.982494 0.017476 0.000010 0.000010
0.000010 0.996978 0.000010 0.002992 0.000010
0.000010 0.999960 0.000010 0.000010 0.000010
0.000010 0.997179 0.002791 0.000010 0.000010
0.000010 0.999960 0.000010 0.000010 0.000010
0.000010 0.999960 0.000010 0.000010 0.000010
0.000010 0.983744 0.012678 0.000010 0.003558
0.000010 0.993680 0.000010 0.003716 0.002584
0.000010 0.999960 0.000010 0.000010 0.000010
0.000010 0.992174 0.000010 0.000010 0.007796
0.000010 0.999960 0.000010 0.000010 0.000010
0.000010 0.999960 0.000010 0.000010 0.000010
0.000010 0.999960 0.000010 0.000010 0.000010
0.000010 0.999960 0.000010 0.000010 0.000010
0.000010 0.999960 0.000010 0.000010 0.000010
0.000010 0.999960 0.000010 0.000010 0.000010
0.002586 0.993320 0.004073 0.000010 0.000010
0.000010 0.999960 0.000010 0.000010 0.000010
0.000010 0.987209 0.000010 0.003399 0.009372
0.000010 0.999960 0.000010 0.000010 0.000010
0.000010 0.999960 0.000010 0.000010 0.000010
0.000010 0.999960 0.000010 0.000010 0.000010
0.000010 0.999960 0.000010 0.000010 0.000010
0.000010 0.995215 0.004755 0.000010 0.000010
0.000010 0.999960 0.000010 0.000010 0.000010
0.000010 0.999960 0.000010 0.000010 0.000010
0.000010 0.999960 0.000010 0.000010 0.000010
0.000011 0.996055 0.000010 0.000010 0.003914
0.000010 0.999960 0.000010 0.000010 0.000010
0.000010 0.997250 0.001732 0.000010 0.000998
0.000010 0.999960 0.000010 0.000010 0.000010
0.000010 0.999960 0.000010 0.000010 0.000010
0.000010 0.999960 0.000010 0.000010 0.000010
0.000010 0.980471 0.019499 0.000010 0.000010
0.000010 0.998918 0.001052 0.000010 0.000010
0.000010 0.999960 0.000010 0.000010 0.000010
0.000010 0.999960 0.000010 0.000010 0.000010
0.000010 0.999960 0.000010 0.000010 0.000010
0.000010 0.994605 0.000010 0.000010 0.005365
0.000010 0.999960 0.000010 0.000010 0.000010
0.000010 0.999960 0.000010 0.000010 0.000010
0.000010 0.999960 0.000010 0.000010 0.000010
0.000010 0.999960 0.000010 0.000010 0.000010
0.000010 0.990922 0.009048 0.000010 0.000010
0.000010 0.999960 0.000010 0.000010 0.000010
0.000010 0.996178 0.000010 0.000570 0.003232
0.000010 0.999960 0.000010 0.000010 0.000010
0.000010 0.999960 0.000010 0.000010 0.000010
0.000010 0.992815 0.000010 0.000010 0.007155
0.000010 0.999960 0.000010 0.000010 0.000010
0.000010 0.999960 0.000010 0.000010 0.000010
0.003687 0.976927 0.000010 0.009460 0.009916
0.000010 0.999960 0.000010 0.000010 0.000010
0.000010 0.999960 0.000010 0.000010 0.000010
0.000010 0.999960 0.000010 0.000010 0.000010
0.000010 0.999960 0.000010 0.000010 0.000010
0.000010 0.999960 0.000010 0.000010 0.000010
0.000010 0.999960 0.000010 0.000010 0.000010
0.000010 0.999960 0.000010 0.000010 0.000010
0.000010 0.999960 0.000010 0.000010 0.000010
0.000010 0.998258 0.000010 0.001712 0.000010
0.001268 0.998702 0.000010 0.000010 0.000010
0.000010 0.999953 0.000010 0.000017 0.000010
0.000010 0.999960 0.000010 0.000010 0.000010
0.000010 0.999960 0.000010 0.000010 0.000010
0.000010 0.999960 0.000010 0.000010 0.000010
0.000010 0.999960 0.000010 0.000010 0.000010
0.000010 0.961708 0.015533 0.008190 0.014558
0.000010 0.999960 0.000010 0.000010 0.000010
0.000010 0.999960 0.000010 0.000010 0.000010
0.000010 0.999960 0.000010 0.000010 0.000010
0.000010 0.990768 0.009202 0.000010 0.000010
0.000010 0.976373 0.004805 0.000868 0.017944
0.002441 0.971766 0.013177 0.000010 0.012606
0.000010 0.999960 0.000010 0.000010 0.000010
0.000010 0.999960 0.000010 0.000010 0.000010
0.000010 0.999960 0.000010 0.000010 0.000010
0.000010 0.999960 0.000010 0.000010 0.000010
0.000010 0.999960 0.000010 0.000010 0.000010
0.000010 0.999719 0.000010 0.000010 0.000251
0.000532 0.996666 0.002782 0.000010 0.000010
0.002299 0.997671 0.000010 0.000010 0.000010
0.000010 0.999960 0.000010 0.000010 0.000010
0.000010 0.219373 0.155997 0.000010 0.624610
0.000010 0.211786 0.148807 0.000010 0.639387
0.003967 0.216672 0.132645 0.006072 0.640644
0.013332 0.046574 0.082040 0.059287 0.798768
0.000010 0.218880 0.150118 0.000010 0.630983
0.007930 0.211191 0.120930 0.032866 0.627084
0.009282 0.230738 0.153281 0.000010 0.606689
0.006668 0.212536 0.132276 0.001111 0.647409
0.005696 0.227217 0.138146 0.000010 0.628931
0.000010 0.217136 0.137931 0.015818 0.629105
0.002173 0.186603 0.121549 0.007703 0.681971
0.009233 0.187500 0.149603 0.026810 0.626855
0.000010 0.201847 0.147214 0.018318 0.632611
0.007543 0.216923 0.151695 0.001144 0.622695
0.011503 0.199040 0.159149 0.000010 0.630297
0.003223 0.218627 0.103778 0.020695 0.653677
0.011644 0.227365 0.148681 0.011191 0.601119
0.008392 0.180979 0.154739 0.021047 0.634843
0.000010 0.216199 0.152674 0.000010 0.631107
0.007573 0.000010 0.107801 0.365411 0.519204
0.000010 0.013037 0.079956 0.427891 0.479106
0.000010 0.015473 0.072047 0.401586 0.510884
0.000010 0.000010 0.082707 0.417922 0.499352
0.008091 0.013497 0.062154 0.397867 0.518392
0.000010 0.001871 0.111093 0.363048 0.523978
0.000012 0.000010 0.109360 0.425713 0.464906
0.000010 0.000010 0.109026 0.391866 0.499088
0.001710 0.010417 0.112928 0.385171 0.489774
0.002706 0.006220 0.142877 0.387692 0.460504
0.000010 0.015788 0.068783 0.419854 0.495565
0.001194 0.000010 0.088049 0.392130 0.518617
0.001216 0.000010 0.091048 0.379124 0.528601
0.007440 0.001489 0.092689 0.382998 0.515385
0.008407 0.006195 0.098594 0.367702 0.519102
0.000228 0.006053 0.063703 0.420484 0.509532
0.006297 0.007773 0.076121 0.178248 0.731561
0.003837 0.009512 0.064212 0.220563 0.701876
0.000010 0.013149 0.122764 0.164490 0.699588
0.004501 0.008768 0.072204 0.220476 0.694051
0.003871 0.003635 0.094272 0.230285 0.667937
0.000010 0.001052 0.076711 0.202559 0.719668
0.001460 0.008628 0.097265 0.216074 0.676573
0.000010 0.014554 0.084064 0.197470 0.703902
0.000010 0.013771 0.071391 0.174927 0.739900
0.000010 0.006139 0.089312 0.232110 0.672430
0.000010 0.010822 0.103239 0.185620 0.700310
0.000010 0.010647 0.105382 0.168574 0.715388
0.000224 0.010564 0.079856 0.157440 0.751916
0.004219 0.011295 0.081328 0.205585 0.697574
0.013975 0.010980 0.075414 0.182357 0.717275
0.008356 0.009313 0.068887 0.210443 0.703001
0.001373 0.000010 0.128281 0.160835 0.709502
0.005954 0.008013 0.078106 0.198117 0.709810
0.008053 0.014617 0.085874 0.150761 0.740694
0.008528 0.012641 0.063625 0.168883 0.746323
0.000010 0.011920 0.081986 0.217391 0.688692
0.009667 0.017017 0.052708 0.152761 0.767848
0.000010 0.002285 0.086597 0.346315 0.564793
0.004379 0.009429 0.074086 0.164243 0.747863
0.008063 0.007394 0.084504 0.230458 0.669582
0.003571 0.001775 0.103024 0.208904 0.682726
0.000010 0.010531 0.087194 0.179804 0.722461
0.000750 0.014815 0.058691 0.197644 0.728100
0.004441 0.002220 0.081781 0.219525 0.692033
0.000566 0.005149 0.084545 0.202082 0.707658
0.000753 0.006974 0.086156 0.193335 0.712781
0.000010 0.023573 0.092563 0.243439 0.640415
0.000010 0.020915 0.074257 0.220255 0.684563
0.004259 0.003251 0.086033 0.224900 0.681558
0.000010 0.002915 0.093548 0.215973 0.687554
0.000010 0.016748 0.117890 0.195427 0.669925
0.003540 0.006469 0.081416 0.218401 0.690174
0.000010 0.010150 0.108186 0.182306 0.699348
0.005358 0.004257 0.062346 0.177706 0.750334
0.002450 0.000010 0.069570 0.218818 0.709151
0.000010 0.017402 0.083038 0.193588 0.705962
0.002765 0.002479 0.069583 0.225609 0.699564
0.003929 0.009005 0.073767 0.202415 0.710883
0.011557 0.000738 0.122491 0.567175 0.298039
0.018273 0.001679 0.129802 0.577780 0.272466
0.009911 0.000010 0.145319 0.554742 0.290019
0.011462 0.000010 0.132271 0.549548 0.306710
0.003513 0.001457 0.141499 0.558228 0.295303
0.000802 0.001130 0.136625 0.582838 0.278605
0.003476 0.000010 0.156638 0.566783 0.273093
0.006078 0.000010 0.135962 0.562342 0.295608
0.000880 0.000010 0.146445 0.564640 0.288025
0.016860 0.000010 0.117978 0.538785 0.326368
0.016885 0.012329 0.113537 0.564958 0.292291
0.024587 0.000010 0.124699 0.556297 0.294407
0.004782 0.971439 0.023757 0.000013 0.000010
0.000010 0.973811 0.026159 0.000010 0.000010
0.005059 0.989074 0.005847 0.000010 0.000010
0.000010 0.972396 0.027574 0.000010 0.000010
0.000010 0.975622 0.024348 0.000010 0.000010
0.009548 0.978159 0.012273 0.000010 0.000010
0.001701 0.969789 0.028490 0.000010 0.000010
0.000010 0.976707 0.023263 0.000010 0.000010
0.000010 0.971075 0.028895 0.000010 0.000010
0.000010 0.974708 0.025262 0.000010 0.000010
0.000010 0.943432 0.020181 0.000010 0.036367
0.000010 0.902929 0.056924 0.003117 0.037020
0.000376 0.922104 0.028890 0.000010 0.048621
0.000010 0.933143 0.026190 0.000010 0.040647
0.000010 0.931048 0.027728 0.004393 0.036822
0.003961 0.935717 0.015560 0.014519 0.030243
0.000906 0.942447 0.015213 0.000010 0.041424
0.000010 0.949901 0.018089 0.000010 0.031990
0.000010 0.941103 0.017622 0.018722 0.022543
0.000488 0.014936 0.102104 0.517464 0.365009
0.001800 0.008830 0.134765 0.464897 0.389708
0.008579 0.000010 0.107322 0.464876 0.419213
0.013285 0.000010 0.100393 0.481070 0.405242
0.007865 0.000010 0.098727 0.482028 0.411370
0.000010 0.007870 0.118550 0.478963 0.394608
0.001585 0.015225 0.078640 0.523110 0.381440
0.001785 0.000765 0.119932 0.485164 0.392355
0.000010 0.000010 0.117292 0.481962 0.400726
0.002264 0.000010 0.128911 0.478128 0.390688
0.000010 0.000010 0.110917 0.527159 0.361904
0.000349 0.001724 0.108393 0.495467 0.394067
0.002015 0.013995 0.095174 0.481269 0.407546
0.005645 0.000010 0.102832 0.477514 0.414000
0.010210 0.000010 0.113743 0.475808 0.400230
0.005221 0.000010 0.118288 0.476264 0.400217
0.003002 0.012015 0.126062 0.406798 0.452122
0.001686 0.004888 0.125851 0.496707 0.370868
0.003035 0.000010 0.109908 0.449300 0.437748
0.034599 0.001904 0.177542 0.594248 0.191707
0.011896 0.089454 0.569947 0.244696 0.084007
0.022052 0.001924 0.160467 0.608815 0.206742
0.008504 0.120015 0.589650 0.201361 0.080470
0.011532 0.000010 0.190887 0.612107 0.185463
0.015350 0.003487 0.198484 0.620871 0.161808
0.024255 0.005207 0.163095 0.610062 0.197380
0.013827 0.000010 0.192594 0.604458 0.189112
0.028333 0.000010 0.167172 0.611943 0.192543
0.032176 0.009590 0.164454 0.597667 0.196113
0.019421 0.000010 0.175804 0.621467 0.183298
0.033287 0.000010 0.180215 0.613604 0.172883
0.032420 0.002514 0.163016 0.597284 0.204765
0.024752 0.001354 0.182381 0.624849 0.166663
0.007756 0.005638 0.217111 0.596041 0.173454
0.035882 0.000010 0.179143 0.578846 0.206119
0.009074 0.000010 0.184762 0.593136 0.213019
0.031520 0.000010 0.196211 0.606635 0.165624
0.028221 0.002423 0.187748 0.585821 0.195786
0.013908 0.000010 0.178016 0.647729 0.160338
0.019361 0.000010 0.170680 0.610399 0.199550
0.071237 0.000010 0.184415 0.558102 0.186236
0.027371 0.003310 0.181779 0.607176 0.180365
0.031505 0.008820 0.182739 0.601463 0.175473
0.022688 0.007155 0.159589 0.609071 0.201496
0.023909 0.006739 0.181023 0.573854 0.214475
0.005388 0.007377 0.219250 0.625154 0.142832
0.032076 0.001290 0.188188 0.574564 0.203881
0.015731 0.000010 0.195157 0.613594 0.175509
0.028090 0.000010 0.178856 0.588901 0.204143
0.033128 0.000010 0.177064 0.581716 0.208082
0.026245 0.000171 0.169611 0.567750 0.236222
0.027231 0.000010 0.181938 0.613849 0.176972
0.000010 0.000010 0.186189 0.637819 0.175972
0.015309 0.000010 0.187166 0.601457 0.196059
0.020305 0.002436 0.185321 0.613055 0.178882
0.016124 0.000010 0.187246 0.590424 0.206196
0.021872 0.004862 0.164819 0.611131 0.197316
0.032306 0.000341 0.170898 0.605517 0.190939
0.010086 0.000010 0.185850 0.585008 0.219046
0.014431 0.000010 0.184459 0.606330 0.194770
0.027806 0.000010 0.185224 0.618181 0.168779
0.010561 0.000010 0.187089 0.587376 0.214964
0.006790 0.006656 0.183406 0.620788 0.182359
0.036314 0.000010 0.164833 0.591630 0.207213
0.018932 0.001093 0.104526 0.475945 0.399504
0.029153 0.002294 0.091340 0.469341 0.407872
0.025790 0.012155 0.079425 0.469649 0.412981
0.018440 0.008072 0.084851 0.467854 0.420783
0.016011 0.008747 0.100527 0.460559 0.414156
0.015263 0.004907 0.084996 0.448073 0.446760
0.023752 0.000010 0.100291 0.458603 0.417344
0.018441 0.003734 0.109155 0.432125 0.436545
0.019036 0.006173 0.105952 0.427826 0.441014
0.022291 0.000010 0.088073 0.467636 0.421990
0.021357 0.000010 0.120210 0.435778 0.422645
0.019526 0.017409 0.074531 0.470182 0.418352
0.016812 0.011742 0.100035 0.460056 0.411355
0.007714 0.000010 0.121572 0.493545 0.377159
0.006858 0.004676 0.082017 0.438026 0.468424
0.006679 0.001908 0.105480 0.400846 0.485087
0.003987 0.003521 0.089869 0.420170 0.482452
0.010286 0.016301 0.077457 0.411790 0.484166
0.002091 0.000010 0.114127 0.408235 0.475537
0.007126 0.001121 0.107764 0.429664 0.454325
0.003443 0.002359 0.087796 0.390313 0.516088
0.000010 0.005492 0.121057 0.355130 0.518311
0.001283 0.000769 0.097301 0.402352 0.498295
0.003634 0.000010 0.105430 0.394816 0.496110
0.003577 0.000010 0.109456 0.395468 0.491489
0.001916 0.000098 0.089682 0.415289 0.493014
0.000010 0.009318 0.124284 0.381190 0.485198
0.006907 0.005931 0.117372 0.386823 0.482967
0.005731 0.004357 0.089198 0.449133 0.451580
0.009267 0.001848 0.108179 0.398495 0.482211
0.000010 0.001000 0.095705 0.397229 0.506056
0.008484 0.000010 0.103756 0.409983 0.477767
0.006827 0.002489 0.079067 0.440183 0.471434
0.015090 0.000010 0.096573 0.394386 0.493941
0.007676 0.005348 0.069279 0.425187 0.492511
0.012407 0.005200 0.079236 0.409547 0.493611
0.191155 0.014278 0.115808 0.589639 0.089120
0.153124 0.030244 0.088580 0.601862 0.126190
0.198821 0.007022 0.098648 0.556154 0.139356
0.168563 0.007698 0.098630 0.618479 0.106631
0.199026 0.013645 0.114547 0.554195 0.118587
0.202384 0.017075 0.083524 0.544025 0.152991
0.148520 0.022409 0.091939 0.673035 0.064097
0.330639 0.030282 0.040236 0.504742 0.094102
0.146211 0.000010 0.102036 0.597151 0.154593
0.165998 0.006726 0.079967 0.601079 0.146231
0.182894 0.007405 0.085853 0.563503 0.160346
0.174162 0.013260 0.074693 0.604818 0.133067
0.000010 0.002144 0.089872 0.419116 0.488858
0.007595 0.002696 0.118991 0.367401 0.503318
0.012684 0.002675 0.104764 0.377013 0.502863
0.017417 0.008374 0.105538 0.408217 0.460454
0.033240 0.007694 0.076979 0.414531 0.467555
0.000010 0.010517 0.083844 0.381630 0.523999
0.011405 0.000010 0.091423 0.419625 0.477537
0.007441 0.008911 0.095483 0.381723 0.506443
0.000010 0.000010 0.072703 0.407004 0.520273
0.000010 0.000010 0.118165 0.396453 0.485362
0.000010 0.000010 0.094548 0.413247 0.492185
0.002374 0.003147 0.106953 0.364733 0.522793
0.005700 0.006020 0.095696 0.390040 0.502544
0.015617 0.003146 0.083939 0.392403 0.504894
0.000010 0.000010 0.116967 0.431636 0.451377
0.007396 0.000010 0.094754 0.396634 0.501207
0.000302 0.000010 0.105274 0.385010 0.509404
0.014933 0.003749 0.117887 0.383710 0.479721
0.000010 0.002576 0.113854 0.412204 0.471357
0.011685 0.012930 0.102591 0.383684 0.489110
0.004501 0.011646 0.104699 0.383111 0.496042
0.000010 0.017217 0.064280 0.351984 0.566509
0.015063 0.013273 0.076251 0.139899 0.755514
0.014302 0.004220 0.061178 0.172444 0.747856
0.000010 0.000269 0.095101 0.123642 0.780978
0.018581 0.000010 0.093374 0.100570 0.787464
0.007327 0.000010 0.091129 0.124040 0.777493
0.000010 0.018769 0.062409 0.164904 0.753908
0.008622 0.000558 0.084502 0.139027 0.767290
0.009925 0.006629 0.066680 0.112522 0.804243
0.006991 0.023584 0.097744 0.000010 0.871671
0.005766 0.036273 0.091538 0.003538 0.862885
0.000010 0.045119 0.107932 0.000553 0.846386
0.008637 0.006899 0.102548 0.029598 0.852317
0.002762 0.034059 0.121492 0.022349 0.819336
0.454354 0.024341 0.014331 0.506964 0.000010
0.432337 0.017906 0.029183 0.510028 0.010546
0.442183 0.043933 0.003995 0.509879 0.000010
0.450597 0.022582 0.022090 0.504722 0.000010
0.440941 0.018125 0.002385 0.538539 0.000010
0.545058 0.024164 0.013502 0.417266 0.000010
0.357567 0.033554 0.042714 0.566155 0.000010
0.624178 0.023395 0.000010 0.352406 0.000010
0.569480 0.018674 0.000010 0.411825 0.000010
0.610581 0.022902 0.000010 0.366496 0.000010
0.600203 0.022587 0.009125 0.368075 0.000010
0.484775 0.027555 0.013456 0.471867 0.002347
0.631491 0.031137 0.000010 0.337351 0.000010
0.637938 0.026884 0.000010 0.335159 0.000010
0.433524 0.036921 0.003001 0.526544 0.000010
0.450577 0.026156 0.021296 0.501961 0.000010
0.447343 0.025708 0.022006 0.504932 0.000010
0.438601 0.013766 0.036399 0.511224 0.000010
0.448168 0.031224 0.018615 0.501983 0.000010
0.000010 0.054477 0.093365 0.026247 0.825901
0.015566 0.067011 0.107328 0.000010 0.810085
0.000010 0.000010 0.077618 0.198080 0.724283
0.004528 0.015389 0.052926 0.236093 0.691064
0.004017 0.018468 0.070980 0.221613 0.684923
0.010422 0.011970 0.076963 0.194881 0.705764
0.004409 0.000010 0.070413 0.183028 0.742139
0.007741 0.001775 0.070975 0.237440 0.682070
0.009342 0.014409 0.050744 0.206107 0.719398
0.009085 0.005003 0.049401 0.188077 0.748434
0.010084 0.003216 0.083092 0.141913 0.761695
0.020246 0.010408 0.054624 0.291987 0.622734
0.000010 0.016095 0.059134 0.248146 0.676615
0.000010 0.007966 0.054632 0.221572 0.715820
0.000128 0.016161 0.037894 0.197944 0.747873
0.003915 0.006497 0.055707 0.228353 0.705528
0.008695 0.016108 0.067090 0.213230 0.694877
0.000010 0.007686 0.065928 0.192036 0.734340
0.007364 0.009545 0.067441 0.194638 0.721012
0.014850 0.002509 0.077939 0.175518 0.729183
0.000010 0.001454 0.062501 0.236834 0.699202
0.000010 0.000313 0.079062 0.240583 0.680032
0.000010 0.000010 0.114364 0.133286 0.752330
0.004097 0.010877 0.053934 0.189824 0.741268
0.000010 0.004046 0.095909 0.158675 0.741360
0.006044 0.007696 0.060081 0.261103 0.665076
0.000010 0.010889 0.064247 0.230701 0.694154
0.008552 0.000010 0.060362 0.238640 0.692436
0.014290 0.000010 0.043030 0.232688 0.709982
0.008900 0.014167 0.075442 0.107626 0.793866
0.004197 0.008476 0.081895 0.139498 0.765934
0.005580 0.006854 0.084344 0.087934 0.815287
0.009290 0.009217 0.077487 0.142349 0.761657
0.015175 0.009722 0.070857 0.117299 0.786947
0.000010 0.003285 0.124420 0.084430 0.787855
0.006365 0.001381 0.093620 0.103846 0.794788
0.003203 0.014607 0.077516 0.121898 0.782776
0.000010 0.008029 0.100282 0.112363 0.779316
0.000010 0.009895 0.070431 0.125161 0.794502
0.012015 0.007638 0.069441 0.129937 0.780968
0.005920 0.015224 0.056216 0.139349 0.783291
0.000010 0.016548 0.078030 0.108661 0.796751
0.001954 0.001093 0.115303 0.082032 0.799619
0.000010 0.000010 0.102129 0.115619 0.782232
0.009756 0.007426 0.078899 0.117708 0.786210
0.013443 0.001314 0.070342 0.123545 0.791356
0.011682 0.002059 0.094543 0.125584 0.766132
0.000010 0.006059 0.071582 0.136898 0.785452
0.002546 0.014411 0.085976 0.113825 0.783242
0.002340 0.005803 0.078235 0.107294 0.806327
0.005443 0.000010 0.111428 0.086977 0.796143
0.009853 0.009892 0.079374 0.102440 0.798442
0.008418 0.004631 0.102085 0.102546 0.782319
0.009273 0.008460 0.063231 0.149189 0.769847
0.009815 0.014902 0.073832 0.083200 0.818251
0.000010 0.000010 0.077506 0.138714 0.783759
0.003857 0.004430 0.090292 0.145177 0.756244
0.002751 0.000010 0.094612 0.139274 0.763353
0.003233 0.002277 0.080837 0.122581 0.791071
0.012674 0.000010 0.075771 0.159977 0.751567
0.001739 0.000010 0.086674 0.144986 0.766591
0.000010 0.005156 0.090026 0.145069 0.759740
0.007031 0.005527 0.070556 0.124351 0.792536
0.010435 0.000010 0.095414 0.120892 0.773249
0.000010 0.000010 0.084722 0.139355 0.775902
0.005061 0.015567 0.080953 0.103630 0.794789
0.001122 0.000010 0.094193 0.130300 0.774375
0.012528 0.001702 0.078773 0.138477 0.768520
0.007638 0.007190 0.063286 0.136369 0.785517
0.000010 0.020411 0.065308 0.140166 0.774105
0.000010 0.000010 0.094117 0.129085 0.776778
0.000010 0.000010 0.072789 0.160220 0.766971
0.000213 0.000010 0.068744 0.164107 0.766926
0.000010 0.006355 0.084352 0.160846 0.748436
0.003105 0.002140 0.068101 0.168308 0.758346
0.002571 0.000010 0.077633 0.147205 0.772581
0.000010 0.010312 0.050455 0.152317 0.786907
0.007233 0.007916 0.068354 0.125686 0.790811
0.010906 0.008897 0.060778 0.127333 0.792086
0.000010 0.000010 0.101258 0.147564 0.751159
0.000238 0.000010 0.078859 0.160489 0.760403
0.000010 0.005099 0.087567 0.142190 0.765134
0.000640 0.008877 0.071878 0.162008 0.756597
0.005808 0.010408 0.063787 0.132912 0.787084
0.005827 0.023481 0.079426 0.132208 0.759058
0.010909 0.003390 0.072079 0.134721 0.778901
0.002410 0.000395 0.072887 0.125298 0.799012
0.003273 0.011079 0.102294 0.159019 0.724335
0.003320 0.000010 0.076049 0.143514 0.777106
0.011453 0.005400 0.072906 0.152284 0.757955
0.003287 0.000010 0.096075 0.131438 0.769190
0.005767 0.000103 0.083795 0.161427 0.748908
0.016442 0.000010 0.068495 0.144633 0.770420
0.006203 0.009841 0.090873 0.131173 0.761910
0.007476 0.010604 0.099442 0.138138 0.744340
0.002929 0.000010 0.081372 0.142953 0.772736
0.007459 0.012405 0.084298 0.109172 0.786666
0.007078 0.002036 0.075217 0.133722 0.781946
