0.155251 0.686616 0.027656 0.130476
0.227758 0.659567 0.026903 0.085772
0.193738 0.648553 0.022372 0.135337
0.302909 0.313395 0.023236 0.360460
0.307863 0.340826 0.000010 0.351301
0.314265 0.305265 0.002843 0.377627
0.278101 0.315712 0.000010 0.406177
0.317680 0.302985 0.008347 0.370988
0.370690 0.335605 0.015503 0.278202
0.340574 0.255120 0.029318 0.374988
0.338882 0.285993 0.026884 0.348242
0.293957 0.278966 0.002386 0.424691
0.350779 0.322133 0.038013 0.289076
0.230829 0.312361 0.010796 0.446014
0.442536 0.277041 0.017609 0.262814
0.411956 0.263741 0.000010 0.324293
0.379293 0.246057 0.004688 0.369962
0.365827 0.260428 0.033116 0.340630
0.320078 0.364409 0.027439 0.288074
0.374469 0.310116 0.012937 0.302478
0.317148 0.310553 0.019593 0.352707
0.452579 0.304168 0.011251 0.232002
0.356467 0.302556 0.011553 0.329424
0.364975 0.286357 0.019753 0.328915
0.389344 0.267913 0.003949 0.338793
0.399722 0.289071 0.014015 0.297191
0.349732 0.299675 0.026665 0.323928
0.479329 0.270673 0.000010 0.249988
0.385389 0.317796 0.012969 0.283846
0.435358 0.272643 0.009283 0.282715
0.347820 0.293337 0.013713 0.345130
0.440960 0.200545 0.013867 0.344628
0.387234 0.241544 0.004323 0.366899
0.288125 0.319531 0.010405 0.381938
0.392082 0.329788 0.005106 0.273025
0.354219 0.350812 0.016674 0.278295
0.394146 0.308581 0.000525 0.296748
0.240839 0.263171 0.011613 0.484378
0.272787 0.640816 0.016094 0.070304
0.266926 0.670320 0.010265 0.052488
0.269302 0.630681 0.034581 0.065435
0.267864 0.638597 0.031510 0.062029
0.295650 0.633255 0.019786 0.051308
0.233287 0.627281 0.018678 0.120754
0.273591 0.658471 0.000010 0.067928
0.361435 0.522596 0.007521 0.108447
0.243801 0.675284 0.017197 0.063718
0.164147 0.669387 0.034013 0.132454
0.242265 0.637531 0.037558 0.082646
0.260783 0.615868 0.019195 0.104153
0.254545 0.669337 0.024385 0.051733
0.266644 0.657707 0.000010 0.075639
0.300474 0.625484 0.028806 0.045237
0.251616 0.668963 0.039276 0.040146
0.422268 0.212779 0.021833 0.343120
0.373135 0.278681 0.016119 0.332066
0.382897 0.270358 0.040146 0.306599
0.361403 0.303343 0.027658 0.307596
0.386278 0.378111 0.012736 0.222875
0.433949 0.292283 0.001975 0.271794
0.349504 0.317086 0.000010 0.333400
0.373523 0.311278 0.020483 0.294716
0.341966 0.282168 0.000010 0.375857
0.305408 0.351872 0.011172 0.331548
0.411475 0.286264 0.011549 0.290712
0.375015 0.315060 0.000010 0.309915
0.315642 0.284173 0.020159 0.380025
0.418624 0.216328 0.025035 0.340013
0.332192 0.355245 0.004857 0.307706
0.405634 0.295061 0.032484 0.266821
0.360211 0.287017 0.008366 0.344406
0.390455 0.336832 0.007788 0.264925
0.321317 0.321698 0.028982 0.328003
0.375052 0.263753 0.007818 0.353378
0.286816 0.288477 0.019646 0.405062
0.364167 0.353441 0.005176 0.277216
0.390658 0.274080 0.023422 0.311840
0.351458 0.264934 0.010982 0.372626
0.390811 0.337983 0.007897 0.263309
0.421401 0.194899 0.008464 0.375237
0.405846 0.328310 0.022082 0.243762
0.355337 0.341549 0.000010 0.303104
0.412782 0.248395 0.026784 0.312038
0.310583 0.276795 0.003175 0.409447
0.096300 0.544063 0.011207 0.348429
0.067911 0.630773 0.010985 0.290331
0.072390 0.525878 0.009489 0.392243
0.158450 0.593476 0.008201 0.239873
0.130427 0.558963 0.000802 0.309808
0.079493 0.542240 0.000010 0.378258
0.070686 0.602043 0.026112 0.301160
0.130901 0.562354 0.000010 0.306736
0.098154 0.627431 0.006555 0.267860
0.236999 0.546179 0.011766 0.205055
0.096412 0.487116 0.025480 0.390992
0.121234 0.494735 0.018448 0.365584
0.151192 0.548055 0.002344 0.298409
0.119868 0.568710 0.009712 0.301711
0.116389 0.477312 0.012366 0.393934
0.141036 0.564539 0.014800 0.279625
0.172992 0.592600 0.006997 0.227410
0.190554 0.563548 0.054963 0.190935
0.186172 0.549499 0.056368 0.207961
0.272921 0.554228 0.042565 0.130286
0.151464 0.557591 0.040790 0.250155
0.177815 0.621062 0.045251 0.155871
0.152183 0.607127 0.023465 0.217225
0.163720 0.548248 0.058339 0.229693
0.168394 0.556658 0.049053 0.225896
0.142120 0.589560 0.040690 0.227630
0.162014 0.545019 0.066669 0.226298
0.179096 0.552327 0.010787 0.257790
0.171992 0.563745 0.042920 0.221343
0.184105 0.542152 0.043921 0.229822
0.219777 0.525685 0.066772 0.187767
0.265056 0.654441 0.050466 0.030038
0.255841 0.653560 0.017566 0.073033
0.274836 0.616924 0.018736 0.089504
0.609469 0.000010 0.017298 0.373223
0.647754 0.047720 0.035248 0.269277
0.635569 0.047764 0.008974 0.307693
0.668374 0.030144 0.039701 0.261781
0.621821 0.000010 0.004215 0.373954
0.638298 0.035295 0.036473 0.289934
0.657076 0.039510 0.012213 0.291201
0.599994 0.058269 0.008814 0.332924
0.634015 0.011319 0.000010 0.354656
0.691369 0.033448 0.012386 0.262797
0.687560 0.000010 0.025003 0.287426
0.608718 0.065842 0.000010 0.325430
0.660116 0.034388 0.000010 0.305485
0.702812 0.046750 0.018634 0.231804
0.620011 0.070584 0.002437 0.306967
0.690082 0.008360 0.016323 0.285234
0.620151 0.000010 0.005684 0.374155
0.585650 0.034473 0.039878 0.339998
0.647268 0.008114 0.004046 0.340572
0.672306 0.000010 0.000010 0.327674
0.642643 0.000010 0.000010 0.357337
0.661585 0.010509 0.009428 0.318478
0.637302 0.000010 0.000010 0.362678
0.596329 0.285991 0.019348 0.098332
0.560675 0.326689 0.000010 0.112626
0.609857 0.269986 0.000010 0.120147
0.631039 0.237618 0.018125 0.113218
0.549858 0.295750 0.002455 0.151938
0.609068 0.312791 0.010388 0.067753
0.601945 0.245187 0.017007 0.135861
0.586578 0.249201 0.000010 0.164211
0.598208 0.315020 0.006894 0.079879
0.619908 0.244956 0.007371 0.127766
0.601885 0.374992 0.000010 0.023113
0.537232 0.323545 0.007058 0.132165
0.644122 0.256571 0.016608 0.082699
0.561894 0.268739 0.008767 0.160600
0.262010 0.274076 0.026324 0.437590
0.250953 0.296400 0.000758 0.451889
0.256525 0.333538 0.027567 0.382371
0.243851 0.281135 0.025819 0.449195
0.233992 0.375677 0.018089 0.372242
0.308469 0.264865 0.015519 0.411147
0.195163 0.311329 0.025481 0.468027
0.307876 0.330939 0.021684 0.339501
0.254159 0.295532 0.033392 0.416917
0.323951 0.259617 0.011776 0.404655
0.338598 0.260232 0.027831 0.373340
0.263879 0.286091 0.033812 0.416218
0.297073 0.338134 0.000010 0.364783
0.258471 0.307054 0.045934 0.388541
0.285236 0.274693 0.014064 0.426007
0.278720 0.332649 0.028720 0.359911
0.226495 0.254149 0.019825 0.499531
0.329399 0.307688 0.018162 0.344750
0.377561 0.214770 0.012483 0.395186
0.391602 0.281591 0.012363 0.314443
0.393453 0.268543 0.003040 0.334964
0.345830 0.305541 0.040823 0.307806
0.364110 0.295101 0.000010 0.340779
0.368635 0.286850 0.019561 0.324953
0.385557 0.345329 0.014529 0.254586
0.355247 0.294201 0.039899 0.310652
0.324971 0.312862 0.004150 0.358017
0.357944 0.271180 0.020154 0.350722
0.384979 0.295917 0.011505 0.307599
0.393288 0.250131 0.020992 0.335589
0.429579 0.262649 0.006852 0.300921
0.412866 0.312539 0.014774 0.259821
0.382610 0.276196 0.002920 0.338274
0.648080 0.276037 0.020033 0.055851
0.678396 0.233217 0.003968 0.084418
0.663412 0.265444 0.000010 0.071135
0.520036 0.287034 0.009153 0.183778
0.615851 0.274237 0.031341 0.078571
0.655875 0.286848 0.009678 0.047599
0.635693 0.222680 0.032755 0.108873
0.521981 0.337168 0.000010 0.140841
0.661793 0.251006 0.000010 0.087191
0.571034 0.248726 0.014188 0.166052
0.627164 0.316026 0.000010 0.056800
0.584397 0.283677 0.000010 0.131916
0.612389 0.276665 0.003865 0.107082
0.581361 0.297577 0.000010 0.121052
0.623748 0.335690 0.019700 0.020861
0.617383 0.250517 0.013435 0.118665
0.656758 0.279491 0.011640 0.052111
0.638520 0.304945 0.013234 0.043301
0.675490 0.273683 0.019183 0.031643
0.611440 0.264483 0.004633 0.119443
0.616877 0.265348 0.021045 0.096730
0.659864 0.261590 0.039402 0.039144
0.418072 0.289707 0.000010 0.292211
0.580090 0.289409 0.025281 0.105219
0.514937 0.305240 0.007495 0.172327
0.636656 0.304965 0.012658 0.045720
0.662795 0.310851 0.025821 0.000533
0.654591 0.275925 0.007227 0.062257
0.647682 0.184936 0.015009 0.152373
0.624756 0.338023 0.028278 0.008942
0.580552 0.310325 0.013812 0.095311
0.548868 0.274464 0.010002 0.166666
0.579347 0.276223 0.026486 0.117943
0.577790 0.337963 0.000010 0.084238
0.615197 0.243217 0.007819 0.133767
0.569512 0.332027 0.017233 0.081228
0.552310 0.280272 0.015153 0.152265
0.615758 0.300559 0.015526 0.068157
0.662134 0.291040 0.000010 0.046816
0.584057 0.255428 0.000010 0.160505
0.634084 0.283642 0.000010 0.082263
0.610748 0.275710 0.000010 0.113532
0.660138 0.286949 0.007155 0.045758
0.194937 0.309713 0.001846 0.493505
0.266324 0.295061 0.014635 0.423980
0.274375 0.235661 0.013488 0.476476
0.272982 0.286730 0.025031 0.415257
0.202813 0.242774 0.023436 0.530976
0.232359 0.289713 0.007892 0.470037
0.185700 0.233093 0.015460 0.565747
0.272867 0.283643 0.011579 0.431910
0.265244 0.268669 0.009113 0.456974
0.309053 0.255593 0.000010 0.435345
0.200536 0.305917 0.000010 0.493537
0.295598 0.271900 0.000010 0.432492
0.301280 0.263235 0.020044 0.415441
0.233522 0.306494 0.022690 0.437294
0.217988 0.278910 0.016458 0.486645
0.300065 0.350584 0.018402 0.330949
0.335148 0.360225 0.002248 0.302378
0.218867 0.302437 0.025886 0.452811
0.295543 0.303682 0.002484 0.398291
0.073387 0.433932 0.047529 0.445152
0.140974 0.681559 0.096935 0.080532
0.072477 0.406604 0.024591 0.496328
0.123453 0.695876 0.107601 0.073070
0.077341 0.468392 0.021668 0.432599
0.000010 0.475381 0.013215 0.511393
0.017544 0.459991 0.042564 0.479901
0.000010 0.501477 0.013744 0.484770
0.108776 0.396041 0.057264 0.437919
0.029372 0.468026 0.051841 0.450760
0.027665 0.460425 0.034541 0.477369
0.000010 0.453874 0.064456 0.481660
0.051569 0.391802 0.062164 0.494465
0.000010 0.390131 0.034180 0.575679
0.000010 0.477054 0.022946 0.499990
0.040792 0.417678 0.060710 0.480821
0.021355 0.430834 0.049605 0.498206
0.000010 0.481207 0.040392 0.478390
0.000010 0.457351 0.027553 0.515086
0.000010 0.443943 0.012282 0.543765
0.000010 0.361946 0.023443 0.614601
0.069977 0.352736 0.085950 0.491337
0.000010 0.441384 0.033485 0.525121
0.081758 0.441714 0.043231 0.433297
0.093810 0.382834 0.043637 0.479719
0.066482 0.429739 0.036559 0.467221
0.000010 0.485323 0.000010 0.514657
0.032189 0.421344 0.030708 0.515759
0.000010 0.498747 0.024992 0.476251
0.078781 0.381358 0.070552 0.469309
0.000010 0.444880 0.017478 0.537632
0.102709 0.434709 0.040989 0.421593
0.000010 0.459289 0.056434 0.484267
0.000010 0.451164 0.019062 0.529764
0.000010 0.458350 0.003801 0.537839
0.060707 0.443883 0.055361 0.440049
0.114497 0.413378 0.039637 0.432487
0.096583 0.444304 0.041938 0.417174
0.000010 0.429619 0.045854 0.524518
0.023010 0.477658 0.044316 0.455017
0.059109 0.427148 0.037248 0.476495
0.000010 0.446487 0.054473 0.499030
0.100938 0.371279 0.047074 0.480709
0.000010 0.417978 0.027197 0.554814
0.025531 0.383464 0.049236 0.541769
0.322796 0.273843 0.038060 0.365301
0.251215 0.337273 0.026737 0.384775
0.244702 0.264641 0.029041 0.461616
0.271064 0.309472 0.015119 0.404345
0.241839 0.273025 0.060428 0.424708
0.303740 0.292952 0.021644 0.381663
0.242446 0.326839 0.021536 0.409180
0.289547 0.324278 0.034423 0.351752
0.326779 0.312000 0.039371 0.321851
0.250608 0.373646 0.016932 0.358814
0.340977 0.238922 0.037446 0.382655
0.336774 0.322092 0.029940 0.311194
0.252686 0.282327 0.031654 0.433334
0.275619 0.237533 0.014994 0.471854
0.260651 0.266873 0.012288 0.460188
0.314673 0.342693 0.000010 0.342624
0.365584 0.354604 0.000010 0.279802
0.345127 0.334657 0.004394 0.315822
0.357238 0.318977 0.000010 0.323775
0.368267 0.303425 0.023604 0.304704
0.402701 0.263539 0.004347 0.329413
0.412045 0.262413 0.000010 0.325532
0.371632 0.241105 0.002762 0.384502
0.381061 0.321093 0.019934 0.277912
0.361606 0.280981 0.031484 0.325929
0.372134 0.298477 0.008919 0.320469
0.366913 0.230913 0.026129 0.376044
0.323433 0.383117 0.013163 0.280287
0.296594 0.342489 0.000010 0.360907
0.365797 0.292817 0.004984 0.336401
0.319050 0.318889 0.000010 0.362050
0.309443 0.317329 0.004305 0.368923
0.344978 0.275951 0.000010 0.379061
0.370609 0.293774 0.027466 0.308150
0.404184 0.217461 0.000010 0.378345
0.350778 0.291126 0.004594 0.353502
0.379837 0.313213 0.000010 0.306940
0.367911 0.378069 0.021833 0.232187
0.376624 0.323892 0.003352 0.296132
0.313775 0.317373 0.019850 0.349001
0.357470 0.259251 0.065925 0.317354
0.374548 0.273219 0.004564 0.347670
0.348649 0.248442 0.035506 0.367403
0.461532 0.265099 0.020076 0.253293
0.388247 0.305050 0.001117 0.305585
0.355094 0.318866 0.034176 0.291864
0.356960 0.271817 0.005043 0.366180
0.356792 0.305150 0.014502 0.323556
0.395112 0.327693 0.009101 0.268094
0.358089 0.249546 0.030156 0.362209
0.376231 0.324895 0.008278 0.290595
0.383124 0.266033 0.018716 0.332127
0.399802 0.244606 0.000010 0.355581
0.384614 0.379812 0.017469 0.218105
0.390674 0.303552 0.000010 0.305764
0.388330 0.305036 0.028199 0.278435
0.380379 0.298384 0.037579 0.283658
0.480302 0.271016 0.001098 0.247584
0.681764 0.218048 0.018289 0.081898
0.596105 0.152941 0.034973 0.215981
0.602276 0.184974 0.012904 0.199846
0.604394 0.263686 0.001598 0.130321
0.665587 0.246918 0.014151 0.073344
0.599235 0.196413 0.005980 0.198371
0.665844 0.171619 0.007704 0.154833
0.680921 0.161155 0.000010 0.157914
0.646557 0.209638 0.029125 0.114680
0.534297 0.251835 0.030483 0.183385
0.601336 0.184225 0.010996 0.203443
0.530101 0.227879 0.003042 0.238978
0.630411 0.194476 0.006753 0.168360
0.633800 0.263517 0.000010 0.102672
0.560055 0.209302 0.013510 0.217132
0.622164 0.269739 0.019060 0.089037
0.678151 0.183653 0.008832 0.129365
0.602883 0.216324 0.013411 0.167381
0.548050 0.187830 0.005534 0.258586
0.589796 0.187959 0.019139 0.203106
0.669469 0.281322 0.001659 0.047551
0.652238 0.209907 0.005714 0.132140
0.651295 0.279009 0.018910 0.050786
0.593598 0.162884 0.000010 0.243508
0.521059 0.142398 0.012281 0.324263
0.558298 0.225190 0.029673 0.186839
0.570432 0.182133 0.040514 0.206921
0.194458 0.607104 0.005264 0.193174
0.048534 0.612082 0.017040 0.322345
0.190701 0.598208 0.000010 0.211082
0.139290 0.606509 0.028443 0.225758
0.124748 0.653721 0.000010 0.221522
0.088543 0.645386 0.009344 0.256727
0.120065 0.641131 0.000010 0.238794
0.157433 0.592870 0.002817 0.246880
0.171468 0.702328 0.011900 0.114304
0.153630 0.644415 0.000010 0.201945
0.128351 0.601412 0.007416 0.262821
0.138574 0.693311 0.014763 0.153353
0.115887 0.628528 0.025533 0.230053
0.093249 0.627868 0.009764 0.269119
0.139887 0.674638 0.018921 0.166553
0.175270 0.656534 0.000568 0.167628
0.142163 0.694615 0.019501 0.143721
0.138038 0.659058 0.014892 0.188012
0.146396 0.633989 0.019408 0.200208
0.096009 0.630330 0.001993 0.271668
0.188637 0.709007 0.011556 0.090800
0.187226 0.664835 0.033024 0.114915
0.052869 0.770029 0.000010 0.177092
0.303923 0.575078 0.000010 0.120989
0.118726 0.701200 0.000010 0.180064
0.161991 0.714808 0.000010 0.123191
0.066977 0.730811 0.000010 0.202203
0.097404 0.702531 0.005594 0.194471
0.295700 0.619275 0.022432 0.062593
0.620672 0.252245 0.016509 0.110574
0.707161 0.278484 0.014345 0.000010
0.677618 0.293302 0.005600 0.023480
0.658117 0.206687 0.019704 0.115492
0.677826 0.224737 0.030630 0.066807
0.708271 0.283952 0.007767 0.000010
0.666072 0.265658 0.014800 0.053470
0.710432 0.257659 0.031899 0.000010
0.615320 0.262347 0.008539 0.113794
0.684160 0.269436 0.018894 0.027511
0.699317 0.299673 0.001000 0.000010
0.668103 0.262787 0.014715 0.054395
0.723321 0.245942 0.025218 0.005520
0.716360 0.278297 0.005333 0.000010
0.720844 0.262244 0.016902 0.000010
0.640519 0.277527 0.023778 0.058176
0.723894 0.241278 0.022089 0.012738
0.671832 0.247777 0.041185 0.039206
0.667009 0.303387 0.018236 0.011368
0.692656 0.291970 0.015364 0.000010
0.744157 0.241351 0.014482 0.000010
0.682360 0.275864 0.000010 0.041766
0.615505 0.246252 0.012417 0.125826
0.672434 0.238349 0.023688 0.065529
0.703376 0.220224 0.018782 0.057618
0.663276 0.239247 0.037548 0.059930
0.717188 0.277861 0.004940 0.000010
0.689235 0.212007 0.030666 0.068092
0.625606 0.179417 0.008822 0.186155
0.761678 0.214814 0.005375 0.018133
0.721529 0.267517 0.010944 0.000010
0.683915 0.221010 0.030074 0.065000
0.598439 0.276631 0.000010 0.124920
0.602278 0.323696 0.021223 0.052803
0.339658 0.284162 0.018851 0.357329
0.265960 0.304455 0.000200 0.429385
0.348996 0.332670 0.025916 0.292418
0.376707 0.316143 0.003248 0.303902
0.396490 0.318217 0.000010 0.285283
0.429102 0.265763 0.003822 0.301314
0.372209 0.320609 0.022189 0.284993
0.447745 0.296017 0.005952 0.250287
0.378616 0.248935 0.011148 0.361301
0.402055 0.318840 0.037068 0.242037
0.333712 0.343285 0.000010 0.322993
0.399475 0.279284 0.013815 0.307425
0.386441 0.258576 0.003416 0.351567
0.339031 0.267495 0.004511 0.388963
0.394279 0.245931 0.007078 0.352712
0.427950 0.234921 0.024579 0.312550
0.326253 0.320312 0.037006 0.316429
0.221830 0.447501 0.000010 0.330659
0.338821 0.299750 0.000010 0.361419
0.370883 0.217837 0.000010 0.411271
0.384024 0.338660 0.011929 0.265386
0.423606 0.294347 0.009187 0.272860
0.230041 0.353268 0.020862 0.395829
0.330966 0.323582 0.000010 0.345442
0.390993 0.307218 0.017710 0.284079
0.366077 0.265745 0.016856 0.351322
0.343761 0.356458 0.000010 0.299771
0.334798 0.303957 0.017402 0.343842
0.368429 0.273748 0.004541 0.353281
0.247830 0.341938 0.014042 0.396190
0.131759 0.554944 0.006008 0.307289
0.477650 0.312724 0.010228 0.199399
0.419092 0.357744 0.018199 0.204965
0.409922 0.314878 0.000010 0.275190
0.261030 0.348510 0.007671 0.382788
0.281291 0.320562 0.045546 0.352601
0.436160 0.391412 0.000010 0.172418
0.415602 0.335411 0.002844 0.246143
0.452720 0.306214 0.000010 0.241056
0.370651 0.285917 0.013321 0.330111
0.380970 0.260138 0.007675 0.351217
0.318237 0.381403 0.028026 0.272334
0.360627 0.307584 0.005227 0.326562
0.304820 0.268299 0.017600 0.409281
0.316462 0.285831 0.030200 0.367507
0.367897 0.372306 0.011133 0.248664
0.369332 0.340840 0.000010 0.289818
0.390468 0.296268 0.006649 0.306615
0.422073 0.289805 0.000029 0.288093
0.434464 0.271555 0.011799 0.282182
0.401041 0.262162 0.028038 0.308759
0.477327 0.268237 0.000010 0.254426
0.450647 0.318174 0.020809 0.210370
0.481776 0.214322 0.019848 0.284053
0.415855 0.286642 0.016571 0.280933
0.385756 0.315601 0.011940 0.286704
0.617911 0.270590 0.004572 0.106928
0.568706 0.295038 0.020569 0.115687
0.652450 0.247331 0.009431 0.090788
0.672419 0.252152 0.000969 0.074460
0.608907 0.264690 0.011027 0.115376
0.654927 0.274259 0.020488 0.050327
0.646333 0.293461 0.010208 0.049998
0.621248 0.224180 0.019103 0.135470
0.592214 0.238837 0.014725 0.154223
0.620423 0.250356 0.005569 0.123652
0.658514 0.250380 0.006325 0.084781
0.629412 0.263135 0.000010 0.107444
0.591498 0.362501 0.000620 0.045381
0.648320 0.329451 0.018311 0.003918
0.625395 0.344588 0.000010 0.030006
0.654235 0.251676 0.006668 0.087422
0.613078 0.264350 0.010063 0.112509
0.567293 0.336072 0.006438 0.090197
0.641728 0.254240 0.017111 0.086921
0.519198 0.137573 0.034292 0.308936
0.503911 0.112198 0.019179 0.364712
0.490824 0.113541 0.013469 0.382165
0.513153 0.139628 0.028064 0.319156
0.587759 0.091779 0.027560 0.292902
0.564245 0.086760 0.007904 0.341092
0.574899 0.083085 0.043438 0.298578
0.603975 0.134267 0.029435 0.232323
0.544522 0.120119 0.037548 0.297811
0.512408 0.178552 0.046635 0.262405
0.540028 0.161939 0.034754 0.263279
0.553204 0.157977 0.021559 0.267259
0.541208 0.002147 0.026913 0.429732
0.525061 0.147306 0.026256 0.301377
0.513107 0.098822 0.017630 0.370441
0.509661 0.137682 0.000010 0.352647
0.586681 0.082139 0.033917 0.297263
0.548488 0.135241 0.025694 0.290577
0.563288 0.173140 0.017023 0.246550
0.502814 0.142099 0.030548 0.324538
0.535472 0.195083 0.019243 0.250202
0.501525 0.177843 0.041259 0.279373
0.486660 0.187062 0.042048 0.284229
0.536399 0.075495 0.038201 0.349904
0.533116 0.111286 0.023258 0.332341
0.444361 0.118218 0.060727 0.376694
0.477719 0.135264 0.007064 0.379953
0.532166 0.158429 0.046307 0.263097
0.554640 0.098831 0.052960 0.293568
0.557463 0.131807 0.026988 0.283742
0.539121 0.097325 0.022474 0.341080
0.542256 0.199218 0.011827 0.246699
0.544939 0.166923 0.012847 0.275291
0.427751 0.134984 0.000010 0.437255
0.537393 0.125412 0.045456 0.291739
0.489517 0.075493 0.058971 0.376018
0.502314 0.176953 0.032024 0.288709
0.604322 0.133703 0.000010 0.261965
0.445137 0.161265 0.035875 0.357723
0.480680 0.144188 0.030387 0.344745
0.483006 0.118092 0.058180 0.340721
0.508011 0.141437 0.031468 0.319084
0.494879 0.182736 0.035672 0.286712
0.571893 0.126482 0.034106 0.267519
0.465970 0.164662 0.031041 0.338327
0.505005 0.213663 0.031658 0.249674
0.485319 0.142620 0.022154 0.349907
0.553421 0.174377 0.012314 0.259889
0.537610 0.117073 0.030070 0.315247
0.560506 0.120363 0.021370 0.297762
0.508361 0.184339 0.025717 0.281583
0.520672 0.112108 0.048724 0.318497
0.563613 0.201443 0.027410 0.207534
0.564844 0.175418 0.004851 0.254887
0.510794 0.169499 0.027288 0.292419
0.589727 0.147312 0.012798 0.250163
0.515050 0.156946 0.005670 0.322334
0.511100 0.142505 0.044233 0.302162
0.484326 0.081027 0.007723 0.426924
0.507970 0.202936 0.038546 0.250549
0.131611 0.440502 0.178708 0.249180
0.142675 0.588128 0.057651 0.211547
0.104315 0.607370 0.060778 0.227537
0.197964 0.605226 0.017100 0.179710
0.144668 0.548361 0.049705 0.257266
0.099186 0.493131 0.106977 0.300706
0.087955 0.525020 0.191606 0.195419
0.215896 0.544582 0.053131 0.186391
0.091323 0.569203 0.089515 0.249959
0.189221 0.593342 0.016749 0.200688
0.120696 0.564998 0.046545 0.267761
0.113104 0.439692 0.101684 0.345520
0.183964 0.622517 0.022950 0.170569
0.173774 0.546790 0.072074 0.207362
0.155048 0.586823 0.047001 0.211128
0.132974 0.600308 0.066628 0.200089
0.140665 0.591165 0.061802 0.206368
0.140390 0.516222 0.050896 0.292492
0.186351 0.528091 0.078570 0.206988
0.000010 0.376660 0.117762 0.505568
0.038941 0.429975 0.063351 0.467733
0.002784 0.459143 0.078767 0.459306
0.100951 0.340446 0.107896 0.450707
0.056283 0.374827 0.087036 0.481854
0.062135 0.369489 0.106262 0.462114
0.084659 0.463177 0.095842 0.356322
0.111270 0.452617 0.078553 0.357560
0.015158 0.156498 0.564930 0.263414
0.057266 0.382409 0.099053 0.461272
0.022834 0.366673 0.129351 0.481142
0.084289 0.398499 0.105595 0.411616
0.081109 0.467767 0.099768 0.351356
0.020660 0.421480 0.082324 0.475536
0.105383 0.369629 0.124675 0.400312
0.029053 0.455915 0.097271 0.417761
0.031728 0.398524 0.075788 0.493960
0.026577 0.419821 0.072591 0.481010
0.004819 0.389365 0.080800 0.525016
0.045876 0.439644 0.096528 0.417952
0.430333 0.287518 0.000010 0.282139
0.496006 0.282587 0.000010 0.221397
0.474063 0.225597 0.009995 0.290345
0.468592 0.292064 0.003251 0.236093
0.471365 0.270020 0.007200 0.251415
0.487326 0.268163 0.020024 0.224487
0.400183 0.330439 0.000010 0.269368
0.459460 0.283031 0.000010 0.257500
0.432696 0.314586 0.012824 0.239894
0.337952 0.595861 0.039222 0.026964
0.317169 0.622128 0.050816 0.009887
0.344682 0.605692 0.022515 0.027111
0.373652 0.320704 0.013153 0.292491
0.379431 0.272663 0.004745 0.343161
0.372574 0.288363 0.010229 0.328834
0.281565 0.305922 0.027168 0.385346
0.405462 0.277868 0.026035 0.290635
0.458596 0.213998 0.010134 0.317273
0.345490 0.235920 0.019838 0.398752
0.462254 0.208447 0.014110 0.315189
0.266358 0.315751 0.091888 0.326004
0.305730 0.309585 0.011551 0.373134
0.353262 0.273766 0.016669 0.356303
0.306929 0.383717 0.006056 0.303297
0.330382 0.320935 0.000010 0.348673
0.484195 0.277899 0.007907 0.229999
0.400086 0.314528 0.000010 0.285375
0.348812 0.310524 0.004857 0.335807
0.435297 0.298149 0.041928 0.224626
0.392390 0.304702 0.029038 0.273870
0.280047 0.299063 0.024039 0.396851
0.257070 0.359325 0.000010 0.383595
0.333236 0.290597 0.003166 0.373001
0.285947 0.340244 0.013673 0.360135
0.081443 0.428769 0.069307 0.420481
0.078967 0.385132 0.048915 0.486986
0.098061 0.484705 0.064758 0.352476
0.334464 0.630592 0.034935 0.000010
0.265307 0.616519 0.032493 0.085680
0.317966 0.659738 0.022286 0.000010
0.281067 0.701159 0.017763 0.000010
0.337227 0.608775 0.030595 0.023403
0.310520 0.668736 0.005392 0.015352
0.338952 0.642329 0.018709 0.000010
0.330263 0.610831 0.024699 0.034207
0.312710 0.554919 0.023355 0.109016
0.267581 0.599978 0.046520 0.085921
0.322722 0.565291 0.021791 0.090197
0.333299 0.638604 0.000010 0.028086
0.292492 0.678048 0.015796 0.013663
0.365441 0.586273 0.017193 0.031093
0.272704 0.662881 0.040899 0.023515
0.313928 0.578735 0.042310 0.065027
0.303370 0.682226 0.014394 0.000010
0.303817 0.651468 0.044705 0.000010
0.393463 0.592225 0.014302 0.000010
0.440101 0.228236 0.011487 0.320177
0.529987 0.174791 0.014426 0.280796
0.474412 0.165661 0.029236 0.330691
0.446444 0.215858 0.007835 0.329863
0.450213 0.157573 0.015293 0.376921
0.470045 0.137740 0.031892 0.360322
0.459213 0.218893 0.000010 0.321885
0.447760 0.203264 0.000769 0.348208
0.407453 0.241926 0.008633 0.341988
0.477789 0.244302 0.002521 0.275388
0.476086 0.140096 0.000010 0.383807
0.481019 0.191360 0.007606 0.320016
0.410689 0.328920 0.010569 0.249822
0.577019 0.284729 0.019388 0.118863
0.511993 0.285130 0.027586 0.175291
0.524226 0.291894 0.027610 0.156270
0.454838 0.274144 0.004626 0.266392
0.501666 0.220679 0.000010 0.277645
0.451468 0.259082 0.005326 0.284124
0.542863 0.333357 0.000587 0.123194
0.571091 0.297727 0.000010 0.131172
0.539661 0.274332 0.008776 0.177232
0.520805 0.276570 0.002028 0.200596
0.523312 0.273125 0.022222 0.181340
0.509676 0.345385 0.024235 0.120704
0.529425 0.259151 0.027205 0.184219
0.398111 0.287094 0.012654 0.302140
0.481347 0.315179 0.022459 0.181015
0.355225 0.281483 0.003756 0.359536
0.385387 0.324264 0.008105 0.282244
0.353378 0.281054 0.037810 0.327757
0.360420 0.314527 0.000010 0.325043
0.368198 0.268648 0.017190 0.345964
0.345659 0.270078 0.000010 0.384253
0.322630 0.295606 0.032442 0.349323
0.429286 0.278454 0.033656 0.258604
0.354431 0.292554 0.016240 0.336775
0.363988 0.258287 0.022680 0.355044
0.413322 0.309716 0.000010 0.276951
0.417503 0.381645 0.000010 0.200842
0.359770 0.300076 0.000010 0.340143
0.373284 0.281128 0.019544 0.326043
0.306213 0.290400 0.036292 0.367096
0.358996 0.288821 0.012677 0.339506
0.358184 0.305018 0.025516 0.311281
0.350138 0.301224 0.001717 0.346922
0.353837 0.263698 0.005631 0.376834
0.365964 0.302063 0.004656 0.327318
0.390519 0.263470 0.014355 0.331656
0.338075 0.327737 0.010978 0.323210
0.396939 0.356475 0.034086 0.212500
0.564833 0.280315 0.016283 0.138570
0.604649 0.258697 0.010109 0.126545
0.583830 0.351266 0.014908 0.049996
0.574339 0.311825 0.005928 0.107909
0.537506 0.367255 0.011483 0.083756
0.569876 0.295837 0.023598 0.110689
0.526926 0.289275 0.027679 0.156120
0.544590 0.265156 0.007414 0.182840
0.540913 0.326952 0.011869 0.120266
0.556403 0.268870 0.013040 0.161688
0.569897 0.316264 0.001735 0.112104
0.583174 0.314064 0.000010 0.102751
0.557211 0.320286 0.000010 0.122493
0.578990 0.260655 0.010574 0.149780
0.325536 0.287660 0.000010 0.386794
0.394281 0.286097 0.003100 0.316522
0.375147 0.316446 0.000010 0.308396
0.309628 0.334654 0.007186 0.348531
0.310204 0.261914 0.027417 0.400465
0.313257 0.332978 0.000010 0.353755
0.413997 0.186975 0.006302 0.392727
0.376501 0.285686 0.011816 0.325996
0.380316 0.261534 0.000010 0.358140
0.263542 0.610494 0.012128 0.113836
0.326627 0.616351 0.056307 0.000715
0.250076 0.631292 0.009877 0.108755
0.047950 0.425122 0.034265 0.492662
0.022156 0.421296 0.026592 0.529956
0.010270 0.366117 0.116480 0.507133
0.011133 0.325269 0.093115 0.570483
0.018454 0.315907 0.092452 0.573187
0.000010 0.344019 0.083035 0.572936
0.003568 0.427201 0.053691 0.515540
0.007696 0.430426 0.130493 0.431385
0.039874 0.449795 0.101616 0.408715
0.008039 0.395296 0.105743 0.490922
0.014006 0.391228 0.135196 0.459570
0.044604 0.440122 0.093231 0.422042
0.007063 0.370573 0.079513 0.542851
0.041414 0.410120 0.089902 0.458564
0.034404 0.350408 0.101606 0.513581
0.000723 0.381381 0.113107 0.504789
0.091820 0.266685 0.231462 0.410033
0.087841 0.345300 0.075159 0.491700
0.024275 0.435506 0.074244 0.465975
0.091085 0.387330 0.085954 0.435631
0.000010 0.388588 0.096305 0.515098
0.137517 0.308332 0.093640 0.460511
0.064226 0.383853 0.111069 0.440852
0.059859 0.389085 0.103712 0.447344
0.101871 0.365042 0.120801 0.412286
0.003077 0.363195 0.119843 0.513885
0.032751 0.411426 0.079677 0.476147
0.005589 0.426558 0.104468 0.463385
0.057806 0.391095 0.069168 0.481931
0.000010 0.385170 0.115032 0.499788
0.010670 0.464666 0.046284 0.478380
0.030535 0.300431 0.137404 0.531630
0.020650 0.364411 0.104981 0.509958
0.000010 0.370071 0.064056 0.565863
0.046084 0.428404 0.100904 0.424607
0.000010 0.328749 0.109258 0.561983
0.045519 0.365850 0.106411 0.482220
0.020966 0.356237 0.071706 0.551091
0.000010 0.271856 0.152882 0.575252
0.000010 0.409110 0.115712 0.475167
0.050769 0.333079 0.094225 0.521926
0.050824 0.421473 0.107472 0.420231
0.058393 0.367805 0.162607 0.411195
0.016059 0.435304 0.087043 0.461594
0.018182 0.353345 0.122296 0.506177
0.229031 0.299256 0.018201 0.453512
0.248719 0.276991 0.000010 0.474280
0.366849 0.315430 0.000010 0.317711
0.356248 0.325263 0.020360 0.298130
0.264565 0.284820 0.016741 0.433874
0.243209 0.386771 0.004039 0.365981
0.220094 0.329745 0.000010 0.450151
0.330377 0.211352 0.015470 0.442801
0.320783 0.309085 0.000010 0.370123
0.352788 0.310737 0.013576 0.322899
0.251187 0.338494 0.004743 0.405576
0.320909 0.317814 0.000010 0.361267
0.312389 0.247856 0.009514 0.430241
0.211521 0.340249 0.007222 0.441007
0.336501 0.318255 0.034044 0.311200
0.200592 0.321984 0.029303 0.448122
0.377782 0.273039 0.005786 0.343393
0.360046 0.203604 0.028463 0.407887
0.239049 0.288732 0.038361 0.433858
0.307126 0.262459 0.036943 0.393473
0.330397 0.237557 0.002810 0.429236
0.322960 0.313405 0.000010 0.363625
0.279762 0.294018 0.017767 0.408454
0.322255 0.277312 0.042865 0.357568
0.328234 0.285496 0.006108 0.380162
0.252982 0.342859 0.009284 0.394875
0.427238 0.216412 0.027724 0.328626
0.322781 0.318373 0.033102 0.325744
0.303451 0.280554 0.005393 0.410601
0.308785 0.305726 0.005170 0.380319
0.250819 0.307839 0.051539 0.389803
0.332383 0.258841 0.019592 0.389184
0.337131 0.291739 0.012342 0.358788
0.255859 0.333065 0.024444 0.386631
0.367828 0.313273 0.010234 0.308664
0.265498 0.329193 0.029190 0.376119
0.397532 0.305560 0.025412 0.271495
0.300965 0.311170 0.028187 0.359678
0.361033 0.279612 0.032496 0.326859
0.367827 0.231652 0.028213 0.372309
0.247520 0.284136 0.011924 0.456420
0.214438 0.285817 0.073725 0.426020
0.284731 0.275864 0.009465 0.429939
0.306622 0.285318 0.018233 0.389827
0.268331 0.309209 0.022383 0.400077
0.281580 0.345839 0.000010 0.372571
0.361664 0.260134 0.043774 0.334429
0.341468 0.387450 0.022268 0.248814
0.300676 0.270604 0.048867 0.379853
0.299351 0.275772 0.012696 0.412181
0.434174 0.312767 0.022115 0.230943
0.254171 0.301731 0.028697 0.415401
0.308340 0.367264 0.013539 0.310858
0.239772 0.280939 0.014338 0.464950
0.485116 0.299786 0.090468 0.124629
0.407446 0.217401 0.006998 0.368155
0.235346 0.373558 0.038116 0.352980
0.251324 0.316510 0.000010 0.432157
0.262655 0.259468 0.009594 0.468282
0.302391 0.331507 0.037784 0.328319
0.301872 0.333338 0.014935 0.349855
0.387841 0.000010 0.028980 0.583170
0.319998 0.053471 0.003732 0.622800
0.447658 0.005535 0.000010 0.546797
0.379114 0.000010 0.010646 0.610230
0.413484 0.000010 0.001576 0.584930
0.387871 0.000010 0.000010 0.612109
0.433442 0.001752 0.000010 0.564797
0.336267 0.041349 0.000010 0.622374
0.389605 0.000010 0.004033 0.606352
0.393265 0.000010 0.000010 0.606715
0.398787 0.000010 0.000010 0.601193
0.381463 0.000010 0.000010 0.618517
0.380884 0.000010 0.000010 0.619096
0.418725 0.000010 0.000010 0.581255
0.409012 0.000010 0.000010 0.590968
0.380387 0.000010 0.006201 0.613402
0.297766 0.000010 0.000010 0.702214
0.361924 0.000010 0.020769 0.617298
0.347624 0.000010 0.000010 0.652356
0.371038 0.000010 0.000010 0.628942
0.395967 0.025613 0.000010 0.578410
0.309455 0.000010 0.000010 0.690525
0.371704 0.017158 0.002367 0.608771
0.378927 0.000010 0.039319 0.581744
0.569598 0.271303 0.023264 0.135835
0.595786 0.286312 0.007387 0.110515
0.562073 0.297102 0.021384 0.119441
0.544102 0.341392 0.032658 0.081848
0.614059 0.293174 0.013596 0.079171
0.498221 0.259429 0.023720 0.218630
0.542010 0.325725 0.025197 0.107069
0.524392 0.222255 0.000010 0.253343
0.523831 0.305401 0.018511 0.152257
0.550147 0.322703 0.033159 0.093992
0.560478 0.339556 0.009518 0.090447
0.589576 0.283556 0.004688 0.122180
0.509107 0.240374 0.000010 0.250509
0.610909 0.283083 0.000010 0.105998
0.551810 0.204943 0.029731 0.213516
0.540000 0.267428 0.021887 0.170685
0.581830 0.288440 0.001363 0.128367
0.587295 0.267899 0.020218 0.124588
0.220906 0.312085 0.040594 0.426414
0.346538 0.275347 0.000010 0.378105
0.681458 0.297904 0.020628 0.000010
0.713419 0.236799 0.003554 0.046228
0.661548 0.277443 0.012168 0.048841
0.601547 0.376988 0.007573 0.013891
0.653656 0.325754 0.020580 0.000010
0.717402 0.259497 0.023091 0.000010
0.651480 0.281800 0.009493 0.057227
0.684443 0.249023 0.034454 0.032080
0.684966 0.260300 0.043385 0.011349
0.618661 0.277463 0.030109 0.073767
0.640202 0.295585 0.000010 0.064203
0.630692 0.302049 0.020936 0.046323
0.696151 0.276477 0.027363 0.000010
0.654371 0.281338 0.003554 0.060738
0.614305 0.226907 0.030747 0.128041
0.680524 0.223267 0.034314 0.061895
0.531372 0.244890 0.024837 0.198901
0.613995 0.283163 0.000467 0.102375
0.684440 0.193477 0.018654 0.103429
0.678199 0.303130 0.001441 0.017229
0.645558 0.267336 0.002821 0.084285
0.652439 0.295405 0.011973 0.040183
0.615983 0.256129 0.000010 0.127878
0.602956 0.298045 0.003631 0.095368
0.694053 0.222448 0.015366 0.068132
0.628367 0.256194 0.000010 0.115428
0.677370 0.181166 0.009660 0.131804
0.719652 0.278113 0.002225 0.000010
0.672261 0.240640 0.000010 0.087090
0.604646 0.281714 0.026467 0.087173
0.344930 0.238711 0.007362 0.408997
0.321542 0.294386 0.000010 0.384062
0.264891 0.290308 0.024602 0.420199
0.282885 0.369872 0.006559 0.340685
0.392992 0.280293 0.009486 0.317228
0.357099 0.265016 0.010811 0.367075
0.288680 0.270334 0.023809 0.417178
0.334426 0.294815 0.000010 0.370749
0.347144 0.271113 0.000010 0.381733
0.427950 0.317408 0.005888 0.248754
0.361241 0.307679 0.000010 0.331069
0.298897 0.325565 0.007271 0.368268
0.349532 0.269050 0.000010 0.381408
0.297736 0.286223 0.000010 0.416031
0.295241 0.294924 0.000010 0.409824
0.541997 0.154961 0.008320 0.294722
0.576826 0.201152 0.008736 0.213286
0.574580 0.113377 0.008785 0.303258
0.573518 0.168362 0.022222 0.235898
0.558245 0.148377 0.019931 0.273446
0.502794 0.179194 0.025502 0.292510
0.507985 0.095233 0.012045 0.384737
0.513533 0.109343 0.031489 0.345634
0.454499 0.195677 0.018365 0.331459
0.464546 0.134937 0.032681 0.367836
0.538419 0.122790 0.054992 0.283800
0.482216 0.176598 0.009008 0.332178
0.568123 0.178428 0.052243 0.201205
0.497435 0.139636 0.020021 0.342908
0.507500 0.168512 0.034029 0.289958
0.473640 0.224181 0.024838 0.277341
0.529388 0.117884 0.018790 0.333938
0.477053 0.090047 0.051410 0.381490
0.521486 0.157527 0.030099 0.290887
0.536800 0.130309 0.039576 0.293315
0.479955 0.154218 0.041081 0.324747
0.611852 0.122120 0.040279 0.225749
0.532521 0.136050 0.034392 0.297037
0.561134 0.136227 0.035545 0.267095
0.505260 0.127932 0.029752 0.337056
0.471269 0.143414 0.053384 0.331933
0.544566 0.161286 0.012121 0.282027
0.519381 0.140971 0.020123 0.319525
0.569603 0.136170 0.022648 0.271579
0.484748 0.176327 0.000010 0.338914
0.474723 0.155897 0.031681 0.337699
0.415415 0.176014 0.061873 0.346697
0.547870 0.151240 0.009892 0.290997
0.519647 0.108586 0.025172 0.346595
0.000010 0.000010 0.999970 0.000010
0.000010 0.000010 0.999970 0.000010
0.000010 0.000010 0.999970 0.000010
0.000010 0.000010 0.999970 0.000010
0.000010 0.000010 0.999970 0.000010
0.000010 0.000010 0.999970 0.000010
0.000010 0.000010 0.999970 0.000010
0.000010 0.000010 0.999970 0.000010
0.000010 0.000010 0.999970 0.000010
0.000010 0.000010 0.999970 0.000010
0.000010 0.000010 0.999970 0.000010
0.000010 0.000010 0.999970 0.000010
0.195793 0.559402 0.028369 0.216437
0.091872 0.415331 0.050674 0.442123
0.045143 0.399447 0.105642 0.449769
0.062897 0.418820 0.086146 0.432136
0.102996 0.525850 0.054423 0.316731
0.026872 0.417889 0.129320 0.425919
0.000010 0.440717 0.120526 0.438747
0.035347 0.457271 0.093736 0.413646
0.081002 0.446592 0.034524 0.437883
0.089217 0.429039 0.093200 0.388545
0.098046 0.404079 0.056629 0.441246
0.063553 0.466096 0.039755 0.430596
0.030096 0.452293 0.127406 0.390204
0.000010 0.445959 0.111849 0.442182
0.211920 0.408397 0.071875 0.307808
0.135650 0.380108 0.106773 0.377469
0.282578 0.712027 0.005385 0.000010
0.260923 0.448753 0.027067 0.263257
0.240049 0.508254 0.040660 0.211036
0.211953 0.503550 0.039078 0.245418
0.246669 0.513607 0.044020 0.195705
0.242633 0.514081 0.039388 0.203899
0.190436 0.530062 0.035603 0.243899
0.172297 0.553665 0.051435 0.222603
0.214393 0.568554 0.059579 0.157474
0.139267 0.456079 0.057755 0.346899
0.216788 0.510611 0.045032 0.227569
0.238188 0.509367 0.036644 0.215802
0.164302 0.558375 0.056346 0.220977
0.113895 0.507588 0.012126 0.366390
0.222119 0.468661 0.023366 0.285854
0.234823 0.452911 0.050846 0.261420
0.219827 0.523690 0.051486 0.204997
0.204253 0.571900 0.047067 0.176780
0.283434 0.625530 0.030705 0.060331
0.420231 0.237007 0.008299 0.334463
0.397064 0.276743 0.004758 0.321434
0.409013 0.264192 0.005245 0.321551
0.417958 0.191977 0.000010 0.390055
0.425610 0.264332 0.045143 0.264915
0.410319 0.262816 0.001898 0.324967
0.376568 0.224181 0.000010 0.399241
0.399241 0.242625 0.016928 0.341205
0.268599 0.305142 0.000010 0.426250
0.375832 0.252035 0.026081 0.346052
0.331983 0.264487 0.023508 0.380021
0.408781 0.189025 0.043125 0.359069
0.266340 0.340080 0.021501 0.372079
0.342059 0.217507 0.032451 0.407982
0.310103 0.266768 0.019535 0.403595
0.325477 0.291572 0.030289 0.352662
0.391353 0.272759 0.022509 0.313379
0.241407 0.289405 0.003152 0.466035
0.255015 0.325458 0.022781 0.396746
0.340124 0.280557 0.012443 0.366877
0.278775 0.319312 0.039340 0.362572
0.302201 0.267809 0.023356 0.406634
0.316924 0.244128 0.010667 0.428280
0.307865 0.236931 0.023825 0.431379
0.268746 0.298322 0.024224 0.408708
0.434930 0.297473 0.000010 0.267588
0.286033 0.325609 0.008322 0.380036
0.381006 0.303189 0.001573 0.314232
0.417420 0.309255 0.016016 0.257308
0.371855 0.340643 0.000010 0.287492
0.351658 0.265262 0.022668 0.360412
0.312147 0.259604 0.011958 0.416290
0.349920 0.258664 0.000010 0.391405
0.388641 0.310281 0.021824 0.279254
0.331535 0.278852 0.016312 0.373302
0.445480 0.274800 0.015632 0.264089
0.366980 0.272568 0.013680 0.346771
0.460938 0.344250 0.017848 0.176964
0.324002 0.289967 0.000010 0.386021
0.419661 0.251485 0.006172 0.322682
0.380833 0.296423 0.017317 0.305427
0.354174 0.327144 0.000010 0.318672
0.302702 0.295296 0.000010 0.401992
0.333685 0.320680 0.000010 0.345625
0.315952 0.365144 0.012749 0.306155
0.386059 0.344743 0.027730 0.241467
0.310299 0.348180 0.000010 0.341510
0.378737 0.341819 0.001160 0.278284
0.377083 0.275908 0.009792 0.337217
