0.158844 0.684097 0.027702 0.129357
0.226834 0.659831 0.027234 0.086100
0.194919 0.645087 0.022401 0.137592
0.302100 0.314166 0.023030 0.360704
0.306842 0.341610 0.000010 0.351538
0.315913 0.304727 0.003040 0.376319
0.278949 0.315109 0.000010 0.405932
0.316257 0.302670 0.008753 0.372321
0.368801 0.337684 0.014832 0.278684
0.340105 0.255623 0.029036 0.375236
0.337879 0.286973 0.026723 0.348426
0.294006 0.277365 0.003432 0.425197
0.351153 0.322633 0.038115 0.288099
0.230236 0.312976 0.010639 0.446148
0.441921 0.276076 0.017989 0.264013
0.411576 0.263372 0.000010 0.325042
0.378025 0.248196 0.004265 0.369514
0.366835 0.258695 0.033688 0.340782
0.322091 0.364339 0.027224 0.286345
0.374961 0.308183 0.013549 0.303307
0.315577 0.311549 0.019232 0.353642
0.451171 0.304265 0.011255 0.233309
0.355949 0.303947 0.011379 0.328725
0.362717 0.288030 0.019628 0.329625
0.389600 0.266736 0.004813 0.338851
0.397527 0.289574 0.014277 0.298621
0.347754 0.300702 0.026646 0.324897
0.478164 0.269854 0.000010 0.251972
0.385614 0.317431 0.013086 0.283870
0.434458 0.273102 0.009649 0.282792
0.346804 0.294278 0.013553 0.345365
0.441603 0.200391 0.014300 0.343707
0.387826 0.240669 0.004818 0.366687
0.287161 0.320382 0.010427 0.382031
0.391507 0.330763 0.004536 0.273195
0.353559 0.351644 0.016424 0.278372
0.394592 0.308281 0.000484 0.296644
0.240031 0.263619 0.011401 0.484950
0.272290 0.641156 0.016011 0.070544
0.265764 0.670649 0.010117 0.053471
0.267755 0.632507 0.034362 0.065376
0.267892 0.639218 0.031384 0.061506
0.295698 0.632679 0.020202 0.051422
0.232627 0.628037 0.018352 0.120984
0.272123 0.660405 0.000010 0.067462
0.360155 0.524172 0.007210 0.108462
0.240505 0.677264 0.017170 0.065062
0.163072 0.670523 0.033562 0.132842
0.242946 0.636097 0.038205 0.082753
0.259345 0.616937 0.018826 0.104892
0.254144 0.670136 0.024380 0.051340
0.264662 0.659161 0.000010 0.076168
0.300666 0.626487 0.028823 0.044024
0.250392 0.669717 0.039181 0.040710
0.421793 0.212446 0.022039 0.343722
0.373132 0.278280 0.016003 0.332585
0.382351 0.270281 0.040091 0.307278
0.359262 0.304618 0.027137 0.308984
0.387758 0.376419 0.013414 0.222410
0.432083 0.292955 0.002021 0.272940
0.347351 0.318602 0.000010 0.334036
0.374204 0.309489 0.020897 0.295410
0.341930 0.280420 0.000010 0.377640
0.305641 0.351358 0.010863 0.332138
0.410524 0.288185 0.011389 0.289902
0.376926 0.315431 0.000010 0.307633
0.316965 0.282777 0.020758 0.379500
0.419091 0.215566 0.025163 0.340181
0.332795 0.353124 0.005474 0.308608
0.407085 0.294321 0.032953 0.265640
0.360260 0.287578 0.008210 0.343952
0.389887 0.335920 0.008143 0.266050
0.319966 0.322957 0.028667 0.328411
0.373313 0.264914 0.007550 0.354223
0.284996 0.290189 0.019475 0.405340
0.363843 0.352972 0.005936 0.277249
0.389226 0.274807 0.023352 0.312615
0.354268 0.263563 0.011026 0.371144
0.390518 0.337825 0.007792 0.263866
0.419500 0.196676 0.008059 0.375764
0.405638 0.328418 0.022044 0.243900
0.355069 0.341255 0.000010 0.303666
0.411228 0.248525 0.026904 0.313343
0.309491 0.276750 0.003502 0.410257
0.096128 0.544700 0.011059 0.348113
0.066434 0.632072 0.010615 0.290878
0.071936 0.525326 0.009553 0.393185
0.157489 0.593618 0.008195 0.240698
0.129271 0.559241 0.000802 0.310686
0.079150 0.541529 0.000010 0.379311
0.071620 0.600309 0.026911 0.301160
0.130486 0.562074 0.000010 0.307431
0.097863 0.626532 0.006933 0.268672
0.234408 0.546814 0.012063 0.206715
0.095090 0.487788 0.025487 0.391635
0.121448 0.493364 0.018776 0.366413
0.152133 0.548139 0.002896 0.296832
0.118268 0.569811 0.009805 0.302116
0.115097 0.477711 0.012120 0.395072
0.140122 0.565503 0.014762 0.279613
0.172567 0.593237 0.006980 0.227215
0.189640 0.564763 0.054882 0.190716
0.185869 0.549836 0.056628 0.207668
0.272758 0.554333 0.042352 0.130557
0.151235 0.555728 0.040960 0.252077
0.177105 0.620263 0.045600 0.157032
0.152345 0.607897 0.023503 0.216256
0.163779 0.546854 0.058799 0.230568
0.167932 0.557486 0.049022 0.225561
0.141075 0.591215 0.040304 0.227405
0.162439 0.544706 0.066968 0.225887
0.178463 0.552723 0.010694 0.258120
0.171486 0.564720 0.043161 0.220633
0.183566 0.543980 0.043580 0.228874
0.219085 0.525710 0.066823 0.188381
0.264197 0.654441 0.051190 0.030172
0.257439 0.652755 0.018024 0.071782
0.274330 0.618048 0.018799 0.088824
0.610203 0.000010 0.017290 0.372497
0.649785 0.048125 0.035244 0.266847
0.634549 0.048973 0.008519 0.307958
0.667898 0.030103 0.040056 0.261943
0.621800 0.000010 0.004281 0.373909
0.639339 0.034862 0.036601 0.289197
0.655607 0.039875 0.012115 0.292403
0.600936 0.058823 0.008657 0.331583
0.631711 0.013121 0.000010 0.355159
0.691918 0.032751 0.011958 0.263373
0.687565 0.000010 0.024940 0.287485
0.607788 0.066360 0.000010 0.325842
0.660116 0.033925 0.000010 0.305949
0.704178 0.044613 0.019321 0.231887
0.620984 0.068762 0.003005 0.307249
0.689668 0.009126 0.015766 0.285439
0.620107 0.000010 0.005620 0.374263
0.586291 0.035083 0.039694 0.338932
0.645430 0.010092 0.003331 0.341146
0.671937 0.000010 0.000010 0.328043
0.641799 0.000010 0.000010 0.358181
0.659531 0.012247 0.008842 0.319380
0.637877 0.000010 0.000010 0.362103
0.596234 0.284905 0.019201 0.099659
0.558608 0.328017 0.000010 0.113365
0.609277 0.269640 0.000010 0.121073
0.631764 0.238216 0.018369 0.111651
0.546864 0.298115 0.002121 0.152900
0.610486 0.311453 0.011071 0.066990
0.602224 0.244363 0.016884 0.136529
0.585347 0.249688 0.000010 0.164955
0.599986 0.312334 0.007932 0.079749
0.619916 0.244364 0.007284 0.128436
0.601319 0.376107 0.000010 0.022564
0.536869 0.323227 0.007071 0.132832
0.644056 0.256547 0.016489 0.082908
0.561306 0.270072 0.008664 0.159958
0.261410 0.272996 0.026394 0.439199
0.249739 0.296999 0.000748 0.452514
0.256257 0.332767 0.027871 0.383105
0.242332 0.281665 0.025544 0.450459
0.235473 0.372853 0.018264 0.373411
0.309153 0.264830 0.015419 0.410598
0.194086 0.312157 0.025045 0.468712
0.306929 0.330177 0.021761 0.341133
0.254260 0.295967 0.033447 0.416326
0.323546 0.257334 0.012561 0.406560
0.339312 0.259052 0.027933 0.373703
0.263633 0.285553 0.034632 0.416182
0.296695 0.338696 0.000010 0.364599
0.256576 0.307817 0.046028 0.389579
0.284318 0.275024 0.014099 0.426559
0.277653 0.332861 0.029022 0.360464
0.226233 0.253946 0.019645 0.500176
0.328305 0.308554 0.018078 0.345063
0.377180 0.213657 0.013127 0.396037
0.392333 0.280810 0.012930 0.313927
0.391796 0.268953 0.003110 0.336141
0.346396 0.306590 0.040800 0.306214
0.361384 0.296837 0.000010 0.341769
0.366921 0.287819 0.019207 0.326053
0.383009 0.346233 0.014240 0.256518
0.355537 0.294450 0.039799 0.310213
0.324229 0.313447 0.003781 0.358544
0.357826 0.271554 0.020230 0.350390
0.383520 0.295913 0.010982 0.309584
0.392436 0.251814 0.020564 0.335186
0.428372 0.264958 0.006550 0.300120
0.413324 0.313134 0.014439 0.259103
0.383616 0.276495 0.003042 0.336847
0.648959 0.274478 0.020569 0.055994
0.678640 0.232714 0.004037 0.084608
0.664086 0.265859 0.000010 0.070045
0.518656 0.287900 0.009068 0.184375
0.616200 0.274571 0.031027 0.078202
0.657984 0.283750 0.010863 0.047403
0.636711 0.220850 0.033383 0.109057
0.522437 0.336738 0.000010 0.140815
0.661908 0.250993 0.000010 0.087089
0.571933 0.248616 0.014526 0.164925
0.625451 0.317413 0.000010 0.057126
0.584133 0.282830 0.000010 0.133027
0.612780 0.275573 0.004584 0.107063
0.582115 0.298459 0.000010 0.119416
0.626431 0.332408 0.020379 0.020781
0.615285 0.250960 0.013537 0.120219
0.655839 0.280370 0.011321 0.052470
0.638944 0.305083 0.013381 0.042592
0.675340 0.274086 0.019173 0.031401
0.611011 0.265726 0.004636 0.118627
0.616431 0.266097 0.020704 0.096769
0.660080 0.261549 0.039467 0.038903
0.417528 0.290186 0.000010 0.292277
0.579818 0.287973 0.026039 0.106171
0.514561 0.303070 0.008139 0.174230
0.636462 0.305321 0.012792 0.045425
0.663658 0.310140 0.025977 0.000226
0.654242 0.276968 0.006908 0.061882
0.647697 0.185579 0.014952 0.151773
0.624510 0.340111 0.027720 0.007660
0.578250 0.311928 0.013607 0.096215
0.547879 0.276152 0.009660 0.166309
0.579216 0.276760 0.026595 0.117430
0.577678 0.338793 0.000010 0.083519
0.615627 0.243063 0.007804 0.133506
0.567862 0.334349 0.016631 0.081159
0.550667 0.281888 0.014527 0.152918
0.614241 0.302231 0.015141 0.068387
0.662797 0.292025 0.000010 0.045167
0.582901 0.255843 0.000010 0.161246
0.633090 0.284130 0.000010 0.082771
0.611394 0.275640 0.000010 0.112956
0.661582 0.284239 0.007592 0.046587
0.194493 0.308985 0.002295 0.494227
0.265886 0.293844 0.015084 0.425186
0.274607 0.234786 0.013260 0.477346
0.271422 0.287292 0.025159 0.416127
0.203230 0.241497 0.023990 0.531283
0.232702 0.288336 0.008124 0.470838
0.185981 0.231212 0.016280 0.566527
0.272472 0.282061 0.011864 0.433603
0.266035 0.266116 0.009627 0.458222
0.308401 0.254488 0.000561 0.436549
0.198838 0.305938 0.000010 0.495214
0.294963 0.270291 0.000010 0.434736
0.301335 0.263003 0.019855 0.415807
0.232752 0.307179 0.022369 0.437700
0.216801 0.278925 0.016504 0.487770
0.298803 0.350005 0.018741 0.332452
0.332535 0.362336 0.001879 0.303250
0.220941 0.300507 0.026032 0.452520
0.294581 0.303836 0.002413 0.399170
0.074897 0.431272 0.048394 0.445437
0.140234 0.681933 0.096667 0.081167
0.069675 0.407869 0.024711 0.497745
0.121963 0.697032 0.107136 0.073869
0.075436 0.469627 0.021421 0.433516
0.000010 0.474896 0.013296 0.511797
0.017195 0.458321 0.042961 0.481524
0.000010 0.500293 0.014586 0.485111
0.107803 0.394446 0.057381 0.440370
0.028760 0.467948 0.052109 0.451183
0.025990 0.459945 0.035138 0.478926
0.000010 0.453151 0.064129 0.482710
0.049632 0.391837 0.061941 0.496590
0.000010 0.388608 0.035682 0.575701
0.000010 0.476653 0.022902 0.500435
0.040687 0.416033 0.061443 0.481837
0.022723 0.428978 0.050696 0.497602
0.000010 0.480352 0.040584 0.479054
0.000010 0.456977 0.027698 0.515315
0.000010 0.442755 0.012497 0.544738
0.000010 0.360302 0.023889 0.615799
0.067453 0.354811 0.085566 0.492171
0.000010 0.441052 0.033371 0.525566
0.082090 0.442686 0.043612 0.431612
0.092261 0.383817 0.043196 0.480725
0.065864 0.429768 0.036602 0.467766
0.000010 0.483193 0.000010 0.516787
0.035407 0.421551 0.030400 0.512642
0.000010 0.499161 0.025201 0.475628
0.077620 0.381378 0.070608 0.470394
0.000010 0.444361 0.017507 0.538122
0.101576 0.435486 0.041084 0.421853
0.000010 0.459069 0.056457 0.484464
0.000010 0.449786 0.019458 0.530747
0.000010 0.458126 0.003884 0.537980
0.057853 0.445251 0.054953 0.441942
0.114055 0.410909 0.040455 0.434580
0.099500 0.443026 0.042368 0.415105
0.000010 0.430227 0.046344 0.523419
0.022620 0.476813 0.044557 0.456009
0.059855 0.426023 0.037821 0.476301
0.000010 0.446347 0.054304 0.499339
0.100994 0.370778 0.047043 0.481185
0.000010 0.417650 0.027875 0.554465
0.026149 0.380861 0.050209 0.542781
0.322029 0.273745 0.038325 0.365900
0.250415 0.336009 0.027253 0.386323
0.241232 0.266639 0.028531 0.463599
0.270655 0.309485 0.015096 0.404764
0.240680 0.272393 0.060714 0.426213
0.303656 0.292704 0.021746 0.381894
0.242768 0.325130 0.022117 0.409986
0.291226 0.324615 0.034124 0.350035
0.327068 0.313430 0.039022 0.320480
0.252065 0.374005 0.016683 0.357247
0.340633 0.238370 0.037642 0.383355
0.336341 0.322831 0.029644 0.311183
0.252450 0.281044 0.032245 0.434260
0.274549 0.237173 0.014944 0.473333
0.260176 0.266498 0.012396 0.460930
0.313673 0.342269 0.000010 0.344048
0.365573 0.354798 0.000010 0.279618
0.344863 0.335848 0.004545 0.314744
0.358487 0.317987 0.000010 0.323516
0.369408 0.301734 0.024149 0.304708
0.403464 0.263450 0.004342 0.328744
0.410750 0.262577 0.000010 0.326662
0.370161 0.241085 0.002599 0.386155
0.379594 0.322352 0.019568 0.278486
0.360079 0.282495 0.031644 0.325781
0.372228 0.296383 0.009604 0.321785
0.366922 0.230269 0.026432 0.376377
0.322792 0.383165 0.013358 0.280684
0.295296 0.342708 0.000010 0.361986
0.366106 0.293606 0.005092 0.335196
0.316585 0.320339 0.000010 0.363066
0.307261 0.318489 0.003743 0.370507
0.344931 0.275344 0.000010 0.379715
0.371046 0.292507 0.027804 0.308643
0.403548 0.217726 0.000010 0.378715
0.351343 0.289715 0.004468 0.354474
0.378570 0.313601 0.000010 0.307819
0.367244 0.379222 0.021508 0.232025
0.377065 0.323892 0.003308 0.295736
0.314921 0.317085 0.019782 0.348212
0.359593 0.255987 0.067188 0.317232
0.373277 0.273662 0.004711 0.348349
0.347514 0.249240 0.035111 0.368135
0.460499 0.265785 0.020152 0.253565
0.388776 0.305198 0.001963 0.304064
0.356067 0.317254 0.034312 0.292367
0.356769 0.269145 0.006014 0.368073
0.355297 0.305172 0.014304 0.325227
0.394181 0.328903 0.009065 0.267851
0.357319 0.249453 0.030645 0.362583
0.372702 0.327367 0.008015 0.291915
0.382021 0.265484 0.018741 0.333755
0.398499 0.245482 0.000010 0.356010
0.384974 0.380127 0.017584 0.217316
0.389046 0.304084 0.000010 0.306860
0.385439 0.306397 0.027949 0.280214
0.381156 0.299467 0.037471 0.281905
0.477938 0.272898 0.000930 0.248235
0.681403 0.217506 0.018163 0.082928
0.596359 0.152451 0.035543 0.215647
0.602502 0.185167 0.012874 0.199457
0.605467 0.264245 0.001872 0.128415
0.664862 0.249056 0.013698 0.072385
0.599525 0.195993 0.005866 0.198617
0.664239 0.172663 0.007744 0.155354
0.680504 0.162355 0.000010 0.157131
0.646618 0.209024 0.029231 0.115128
0.534692 0.253049 0.030409 0.181849
0.601189 0.184986 0.010921 0.202905
0.530472 0.227091 0.003123 0.239314
0.630446 0.196619 0.006605 0.166329
0.633262 0.263939 0.000010 0.102789
0.562547 0.207252 0.014508 0.215694
0.622422 0.267757 0.019760 0.090060
0.678727 0.183512 0.008966 0.128795
0.603749 0.215233 0.013565 0.167453
0.547706 0.188638 0.005173 0.258482
0.590240 0.187265 0.019028 0.203467
0.669772 0.279983 0.001994 0.048252
0.653255 0.209325 0.005971 0.131448
0.651269 0.279634 0.018933 0.050164
0.594441 0.163441 0.000010 0.242108
0.522271 0.142297 0.012325 0.323107
0.558361 0.225899 0.029698 0.186042
0.571185 0.180420 0.040622 0.207773
0.194179 0.605647 0.006197 0.193977
0.048404 0.613281 0.016880 0.321435
0.188342 0.600564 0.000010 0.211084
0.142243 0.605776 0.028879 0.223102
0.123768 0.653998 0.000010 0.222224
0.086702 0.646316 0.008992 0.257990
0.121728 0.638838 0.000010 0.239424
0.155506 0.594658 0.002758 0.247077
0.169946 0.703849 0.011770 0.114434
0.152867 0.644431 0.000010 0.202692
0.129671 0.598684 0.007970 0.263676
0.136570 0.695583 0.014309 0.153538
0.116521 0.626644 0.025947 0.230888
0.091279 0.627492 0.009853 0.271377
0.139147 0.675669 0.018643 0.166541
0.173916 0.656305 0.000814 0.168965
0.140710 0.696715 0.019196 0.143379
0.136775 0.658764 0.014891 0.189570
0.145563 0.634883 0.019197 0.200357
0.096072 0.631661 0.002008 0.270259
0.189072 0.709346 0.011480 0.090101
0.187580 0.665654 0.033154 0.113612
0.051940 0.771179 0.000010 0.176871
0.303155 0.575644 0.000010 0.121192
0.116051 0.701938 0.000010 0.182001
0.160373 0.715605 0.000010 0.124012
0.065504 0.731462 0.000010 0.203024
0.097787 0.701698 0.006517 0.193998
0.294359 0.620829 0.022499 0.062313
0.620104 0.251194 0.016577 0.112124
0.706980 0.278459 0.014551 0.000010
0.677814 0.292319 0.006012 0.023856
0.656845 0.207626 0.019532 0.115997
0.677875 0.224550 0.030395 0.067181
0.709936 0.281289 0.008766 0.000010
0.665402 0.265385 0.014764 0.054449
0.708995 0.259522 0.031473 0.000010
0.616506 0.263051 0.008459 0.111984
0.685949 0.269215 0.019477 0.025359
0.699397 0.299070 0.001524 0.000010
0.668384 0.260179 0.014787 0.056650
0.724068 0.245625 0.025529 0.004777
0.715757 0.278780 0.005453 0.000010
0.719969 0.262900 0.017121 0.000010
0.641560 0.276402 0.023952 0.058086
0.725582 0.241755 0.022162 0.010501
0.672885 0.246983 0.041486 0.038645
0.665631 0.304340 0.018071 0.011958
0.691095 0.293491 0.015404 0.000010
0.745673 0.239390 0.014927 0.000010
0.683160 0.275183 0.000010 0.041647
0.615654 0.245537 0.012855 0.125955
0.673342 0.237193 0.024439 0.065026
0.702712 0.221264 0.018917 0.057106
0.663003 0.238614 0.037986 0.060397
0.716828 0.278165 0.004997 0.000010
0.688275 0.211460 0.031256 0.069010
0.624027 0.181248 0.008689 0.186036
0.762185 0.212987 0.006245 0.018583
0.721298 0.267518 0.011174 0.000010
0.683623 0.221692 0.029824 0.064861
0.598230 0.276699 0.000010 0.125061
0.603208 0.324244 0.020940 0.051609
0.337240 0.284624 0.018538 0.359598
0.265512 0.304630 0.000048 0.429810
0.347488 0.333858 0.025395 0.293259
0.377847 0.316726 0.003471 0.301956
0.395215 0.318596 0.000010 0.286178
0.429410 0.264194 0.004026 0.302370
0.371431 0.320137 0.022073 0.286359
0.446620 0.295625 0.005759 0.251997
0.378223 0.249088 0.011372 0.361318
0.400566 0.319580 0.037161 0.242693
0.332236 0.344241 0.000010 0.323513
0.399863 0.279184 0.013927 0.307026
0.385765 0.258810 0.003212 0.352213
0.337739 0.267713 0.004946 0.389602
0.394446 0.244532 0.007412 0.353610
0.426945 0.236115 0.024380 0.312560
0.325764 0.320585 0.037106 0.316544
0.221149 0.447996 0.000010 0.330845
0.337748 0.300355 0.000010 0.361887
0.369197 0.219279 0.000010 0.411514
0.383626 0.338635 0.011729 0.266010
0.423993 0.294112 0.009116 0.272780
0.228421 0.353098 0.020857 0.397623
0.329197 0.325023 0.000010 0.345770
0.389716 0.307020 0.017520 0.285744
0.366440 0.265213 0.016650 0.351698
0.343136 0.355847 0.000010 0.301006
0.333021 0.303767 0.017362 0.345851
0.368380 0.274223 0.004272 0.353125
0.250145 0.341102 0.014108 0.394645
0.130934 0.553722 0.006646 0.308698
0.477898 0.312316 0.010409 0.199377
0.419821 0.356170 0.018369 0.205640
0.408777 0.316582 0.000010 0.274631
0.259485 0.349007 0.007739 0.383770
0.281161 0.320713 0.045584 0.352542
0.433773 0.392589 0.000010 0.173628
0.415252 0.336472 0.002550 0.245726
0.452310 0.304945 0.000010 0.242736
0.367893 0.287039 0.012773 0.332294
0.379041 0.260913 0.007399 0.352648
0.317505 0.381951 0.028074 0.272470
0.360560 0.308224 0.005076 0.326140
0.307012 0.265747 0.017890 0.409351
0.316922 0.283804 0.030433 0.368841
0.367373 0.372440 0.010851 0.249336
0.369042 0.341220 0.000010 0.289728
0.388554 0.297620 0.006341 0.307486
0.421498 0.290369 0.000010 0.288123
0.432620 0.272440 0.011842 0.283098
0.399632 0.261333 0.028008 0.311027
0.477223 0.268093 0.000010 0.254674
0.451540 0.318450 0.020900 0.209110
0.482345 0.213426 0.019938 0.284291
0.415112 0.286276 0.016688 0.281924
0.385755 0.315134 0.012082 0.287029
0.617598 0.269878 0.004772 0.107753
0.569794 0.295611 0.020309 0.114286
0.653355 0.246254 0.009851 0.090540
0.674114 0.250247 0.001249 0.074391
0.608507 0.265262 0.011195 0.115036
0.654380 0.275005 0.020655 0.049961
0.646026 0.294315 0.010749 0.048910
0.621985 0.223524 0.018933 0.135558
0.592289 0.239019 0.014845 0.153847
0.621319 0.249716 0.005871 0.123093
0.659343 0.249815 0.006431 0.084410
0.627893 0.265114 0.000010 0.106984
0.591674 0.360461 0.001140 0.046726
0.650047 0.326566 0.019067 0.004320
0.625219 0.344979 0.000010 0.029792
0.654012 0.250943 0.007398 0.087647
0.614628 0.263769 0.010256 0.111347
0.566525 0.337231 0.006095 0.090149
0.642255 0.253701 0.017376 0.086667
0.519621 0.135832 0.035217 0.309330
0.504167 0.112015 0.019290 0.364528
0.489855 0.114350 0.013550 0.382244
0.514160 0.138836 0.028797 0.318207
0.587228 0.092360 0.027987 0.292424
0.563783 0.087792 0.007972 0.340453
0.575279 0.082546 0.043504 0.298670
0.605077 0.132214 0.029761 0.232947
0.544127 0.120600 0.037254 0.298019
0.511776 0.179835 0.046207 0.262181
0.541151 0.160065 0.035329 0.263454
0.551161 0.159265 0.021127 0.268447
0.541651 0.002488 0.027245 0.428616
0.524214 0.148086 0.025924 0.301777
0.513118 0.096940 0.018358 0.371585
0.510807 0.137537 0.000010 0.351646
0.588117 0.082862 0.033849 0.295172
0.548427 0.135317 0.025926 0.290331
0.563780 0.172124 0.016996 0.247100
0.502806 0.143930 0.030257 0.323007
0.536088 0.194711 0.019476 0.249726
0.500208 0.177611 0.041432 0.280749
0.487007 0.186251 0.042244 0.284497
0.536962 0.075209 0.038721 0.349109
0.531775 0.112009 0.023552 0.332664
0.444897 0.117072 0.061226 0.376805
0.476017 0.135340 0.007035 0.381608
0.531757 0.158239 0.046502 0.263503
0.553551 0.100302 0.052345 0.293802
0.557642 0.131720 0.027143 0.283496
0.539169 0.095920 0.022848 0.342064
0.539935 0.199928 0.011508 0.248629
0.543105 0.169025 0.012604 0.275266
0.425928 0.136516 0.000010 0.437546
0.538562 0.124306 0.045815 0.291317
0.490231 0.074039 0.059687 0.376042
0.500622 0.178933 0.031727 0.288718
0.601826 0.134055 0.000010 0.264109
0.444166 0.162255 0.035764 0.357815
0.479580 0.145377 0.029857 0.345185
0.482606 0.118262 0.058522 0.340611
0.508292 0.141367 0.031598 0.318743
0.494775 0.183054 0.036006 0.286164
0.573610 0.124398 0.034780 0.267211
0.465872 0.165921 0.030698 0.337508
0.506772 0.213514 0.031855 0.247859
0.484681 0.140190 0.022523 0.352605
0.553415 0.174919 0.012154 0.259512
0.539366 0.116808 0.030336 0.313491
0.560751 0.120719 0.021396 0.297134
0.508420 0.182955 0.025855 0.282771
0.520085 0.113464 0.048281 0.318171
0.564538 0.201133 0.027460 0.206869
0.566439 0.173874 0.005576 0.254110
0.509304 0.170421 0.027305 0.292970
0.589511 0.148167 0.012641 0.249680
0.513621 0.157986 0.005261 0.323132
0.509435 0.143403 0.044398 0.302764
0.485156 0.078945 0.008027 0.427872
0.507562 0.202410 0.038501 0.251527
0.131155 0.440160 0.178881 0.249804
0.143890 0.585723 0.059180 0.211207
0.101067 0.609639 0.060237 0.229058
0.196867 0.605350 0.017140 0.180643
0.144779 0.548291 0.049860 0.257070
0.098122 0.493845 0.106862 0.301171
0.086801 0.526453 0.191070 0.195677
0.217201 0.542945 0.053069 0.186785
0.091785 0.567814 0.090174 0.250228
0.187109 0.595182 0.016840 0.200869
0.119783 0.566008 0.046533 0.267676
0.113085 0.439104 0.101651 0.346160
0.184602 0.622586 0.022961 0.169851
0.175062 0.546224 0.072745 0.205968
0.152889 0.588824 0.046496 0.211790
0.133530 0.599881 0.067176 0.199412
0.141102 0.588674 0.061670 0.208554
0.140170 0.515354 0.051202 0.293275
0.185385 0.528061 0.078592 0.207962
0.000010 0.377467 0.117698 0.504825
0.037291 0.430700 0.063108 0.468901
0.003820 0.458126 0.079597 0.458457
0.101338 0.337430 0.108794 0.452438
0.055995 0.373893 0.087263 0.482849
0.060964 0.369608 0.106232 0.463196
0.084193 0.462537 0.096389 0.356881
0.109373 0.453625 0.078066 0.358936
0.014890 0.156978 0.564778 0.263355
0.055624 0.382862 0.098765 0.462750
0.022357 0.365652 0.129089 0.482902
0.086995 0.395822 0.106277 0.410906
0.080696 0.468385 0.099934 0.350985
0.020701 0.421498 0.082592 0.475209
0.105739 0.368974 0.125240 0.400047
0.027933 0.457007 0.096639 0.418421
0.030536 0.398695 0.075540 0.495230
0.025949 0.419317 0.072110 0.482624
0.002174 0.390313 0.080678 0.526835
0.045020 0.440682 0.096447 0.417851
0.429669 0.287325 0.000010 0.282996
0.496671 0.283487 0.000010 0.219832
0.474927 0.226203 0.009747 0.289123
0.469567 0.289882 0.004077 0.236475
0.471413 0.272002 0.006917 0.249668
0.487581 0.269428 0.020071 0.222920
0.399295 0.330162 0.000010 0.270532
0.461367 0.282119 0.000010 0.256504
0.433631 0.313136 0.012932 0.240301
0.337013 0.595776 0.039476 0.027735
0.315603 0.623130 0.050864 0.010403
0.346707 0.603686 0.022887 0.026720
0.373619 0.319538 0.013633 0.293210
0.378135 0.274621 0.004248 0.342996
0.373531 0.287547 0.010835 0.328086
0.279962 0.305970 0.027126 0.386942
0.404664 0.279024 0.025874 0.290438
0.457330 0.213079 0.010268 0.319323
0.345679 0.235697 0.019829 0.398795
0.464212 0.207343 0.014354 0.314091
0.266425 0.314886 0.092106 0.326583
0.305103 0.309505 0.011662 0.373730
0.352437 0.274525 0.016440 0.356599
0.305220 0.384258 0.005889 0.304633
0.327978 0.323098 0.000010 0.348914
0.483484 0.277075 0.007988 0.231453
0.400464 0.314592 0.000010 0.284934
0.348018 0.311138 0.004949 0.335896
0.434143 0.299655 0.041302 0.224901
0.394142 0.302555 0.029917 0.273386
0.279251 0.299426 0.023801 0.397522
0.256491 0.358918 0.000010 0.384581
0.332104 0.291266 0.003390 0.373241
0.286175 0.340904 0.013724 0.359197
0.081702 0.428774 0.070128 0.419395
0.076775 0.385524 0.048785 0.488916
0.099224 0.483529 0.065712 0.351534
0.334120 0.631044 0.034826 0.000010
0.265281 0.615976 0.032953 0.085790
0.316829 0.660717 0.022444 0.000010
0.281538 0.700948 0.017503 0.000010
0.337079 0.608432 0.031070 0.023419
0.308551 0.668366 0.005766 0.017317
0.338771 0.642306 0.018913 0.000010
0.330166 0.610161 0.024867 0.034807
0.311537 0.556183 0.023071 0.109209
0.266997 0.600593 0.046175 0.086235
0.320592 0.565673 0.022202 0.091533
0.333348 0.639432 0.000010 0.027211
0.292275 0.677799 0.016426 0.013499
0.366147 0.587186 0.017308 0.029359
0.274144 0.664370 0.040488 0.020999
0.315042 0.577838 0.042639 0.064481
0.302524 0.682995 0.014470 0.000010
0.302983 0.652287 0.044720 0.000010
0.392795 0.593303 0.013892 0.000010
0.440494 0.226695 0.011979 0.320831
0.530107 0.175337 0.014457 0.280099
0.474104 0.165880 0.029578 0.330437
0.445982 0.213961 0.008133 0.331924
0.448719 0.159122 0.014987 0.377171
0.471644 0.136559 0.032046 0.359751
0.457355 0.219513 0.000010 0.323122
0.448142 0.203154 0.000534 0.348169
0.407811 0.241321 0.009004 0.341864
0.477836 0.243423 0.002903 0.275837
0.473837 0.140713 0.000010 0.385440
0.479807 0.193153 0.007160 0.319880
0.410310 0.329539 0.010360 0.249790
0.577654 0.283959 0.019513 0.118874
0.511362 0.285292 0.027306 0.176040
0.522395 0.292895 0.027242 0.157467
0.454122 0.274234 0.004684 0.266960
0.500836 0.220726 0.000010 0.278429
0.453410 0.258359 0.005638 0.282593
0.543509 0.332124 0.000553 0.123814
0.570425 0.296824 0.000010 0.132742
0.539239 0.273948 0.008810 0.178002
0.520601 0.276442 0.002145 0.200812
0.522363 0.273817 0.022562 0.181258
0.509301 0.346299 0.024507 0.119894
0.530542 0.259597 0.027127 0.182734
0.398123 0.286195 0.012661 0.303021
0.479703 0.316666 0.022168 0.181463
0.356018 0.281397 0.004000 0.358586
0.385561 0.324106 0.008097 0.282236
0.352125 0.280871 0.037811 0.329194
0.358072 0.316238 0.000010 0.325680
0.369045 0.269068 0.017280 0.344606
0.344736 0.271362 0.000010 0.383892
0.320266 0.297134 0.032189 0.350410
0.428175 0.279248 0.033873 0.258704
0.354541 0.293402 0.015996 0.336061
0.365215 0.257664 0.022874 0.354247
0.413050 0.310517 0.000010 0.276422
0.415853 0.383690 0.000010 0.200447
0.358304 0.299866 0.000010 0.341820
0.372530 0.280885 0.019419 0.327165
0.305361 0.290996 0.036244 0.367399
0.356525 0.291086 0.012265 0.340124
0.356792 0.306315 0.025565 0.311328
0.351597 0.301537 0.001961 0.344905
0.355470 0.263655 0.005658 0.375218
0.363726 0.301905 0.005095 0.329274
0.389918 0.263255 0.014426 0.332401
0.337698 0.327757 0.010964 0.323581
0.396848 0.355979 0.034328 0.212845
0.564450 0.280447 0.016812 0.138291
0.604310 0.259273 0.010062 0.126355
0.584131 0.350844 0.015106 0.049920
0.573956 0.312752 0.005844 0.107448
0.538019 0.366147 0.011658 0.084176
0.570725 0.293655 0.024217 0.111404
0.526966 0.290079 0.027621 0.155335
0.544359 0.265296 0.007424 0.182921
0.540796 0.326550 0.012569 0.120085
0.556079 0.269641 0.013163 0.161117
0.567759 0.316969 0.001771 0.113501
0.583288 0.311400 0.000010 0.105302
0.557685 0.320786 0.000010 0.121519
0.578679 0.259524 0.010831 0.150966
0.324537 0.287704 0.000010 0.387749
0.392932 0.286387 0.003137 0.317544
0.375386 0.317554 0.000010 0.307050
0.308790 0.333502 0.007510 0.350199
0.310060 0.262188 0.027438 0.400314
0.311565 0.334042 0.000010 0.354383
0.414499 0.187516 0.006071 0.391915
0.377443 0.285848 0.011577 0.325131
0.378822 0.262397 0.000010 0.358771
0.264835 0.607693 0.012515 0.114957
0.326023 0.617592 0.056218 0.000168
0.248566 0.631842 0.009704 0.109887
0.047058 0.426004 0.034258 0.492680
0.021391 0.420399 0.026799 0.531410
0.011906 0.366068 0.117203 0.504823
0.011128 0.324603 0.093313 0.570956
0.019020 0.314176 0.092951 0.573852
0.000010 0.344804 0.082917 0.572270
0.002748 0.426518 0.053328 0.517406
0.006561 0.430200 0.130538 0.432701
0.039325 0.449640 0.100939 0.410095
0.007802 0.395661 0.105569 0.490967
0.014452 0.389806 0.135954 0.459788
0.043545 0.439060 0.093243 0.424153
0.007216 0.369077 0.079553 0.544154
0.040702 0.409841 0.090364 0.459093
0.033557 0.349211 0.102505 0.514727
0.000669 0.381631 0.113248 0.504453
0.096130 0.265582 0.230805 0.407483
0.088998 0.341707 0.075783 0.493512
0.022048 0.436641 0.074188 0.467123
0.090948 0.386135 0.086827 0.436090
0.000010 0.387414 0.097151 0.515426
0.138349 0.308951 0.093605 0.459095
0.063471 0.383914 0.111039 0.441576
0.058632 0.389506 0.103870 0.447993
0.101468 0.364828 0.120966 0.412738
0.002738 0.363087 0.119825 0.514350
0.033098 0.409660 0.079643 0.477600
0.004935 0.426451 0.104468 0.464146
0.056602 0.391194 0.069785 0.482419
0.000010 0.385113 0.115142 0.499736
0.010671 0.462869 0.047671 0.478789
0.029282 0.300738 0.137574 0.532406
0.019015 0.365443 0.104949 0.510593
0.000010 0.370278 0.064565 0.565146
0.045016 0.428984 0.101047 0.424953
0.000010 0.328939 0.109489 0.561561
0.045109 0.366603 0.106108 0.482180
0.018843 0.356991 0.071715 0.552451
0.000010 0.271385 0.153005 0.575600
0.000010 0.409158 0.115821 0.475011
0.049849 0.333346 0.094474 0.522331
0.051351 0.418311 0.107758 0.422580
0.059060 0.368263 0.162851 0.409825
0.016082 0.435903 0.086887 0.461128
0.017706 0.352670 0.122661 0.506963
0.227672 0.298462 0.018424 0.455442
0.246821 0.278000 0.000010 0.475169
0.364571 0.314483 0.000010 0.320936
0.358303 0.322964 0.021309 0.297425
0.261914 0.285912 0.016672 0.435502
0.242176 0.388174 0.003933 0.365717
0.219107 0.331295 0.000010 0.449589
0.330427 0.209480 0.015846 0.444247
0.323221 0.306500 0.000010 0.370269
0.352142 0.311629 0.013492 0.322737
0.250540 0.339534 0.004638 0.405288
0.319965 0.319112 0.000010 0.360913
0.310312 0.246354 0.009790 0.433544
0.209938 0.340772 0.007211 0.442079
0.337481 0.316223 0.035112 0.311184
0.197712 0.323636 0.028997 0.449655
0.377184 0.273306 0.005831 0.343679
0.361813 0.200991 0.029202 0.407994
0.237579 0.288919 0.038318 0.435184
0.306393 0.263458 0.036780 0.393369
0.328556 0.238045 0.002740 0.430659
0.321126 0.314891 0.000010 0.363973
0.279389 0.292552 0.017680 0.410380
0.320889 0.276882 0.042988 0.359241
0.326891 0.284299 0.006255 0.382555
0.251128 0.343290 0.009208 0.396374
0.427712 0.215957 0.028455 0.327876
0.322466 0.318308 0.033250 0.325975
0.303864 0.280134 0.005505 0.410498
0.308217 0.305486 0.005264 0.381033
0.248364 0.307674 0.051470 0.392492
0.331637 0.259094 0.019614 0.389655
0.334956 0.294169 0.011929 0.358946
0.256340 0.332901 0.024529 0.386230
0.367711 0.311752 0.010156 0.310381
0.268918 0.330224 0.028793 0.372065
0.394870 0.307527 0.025111 0.272492
0.300300 0.311496 0.028230 0.359974
0.358827 0.282533 0.032145 0.326496
0.365358 0.234740 0.027760 0.372143
0.250177 0.283778 0.011390 0.454655
0.211777 0.287711 0.073443 0.427069
0.282278 0.276811 0.009487 0.431425
0.305338 0.284607 0.018418 0.391636
0.267223 0.307592 0.022615 0.402570
0.284962 0.340964 0.000010 0.374065
0.360927 0.261449 0.043605 0.334018
0.341412 0.386357 0.022473 0.249757
0.301353 0.269739 0.049030 0.379878
0.295764 0.276174 0.012767 0.415295
0.433832 0.313646 0.022063 0.230459
0.252795 0.302314 0.028629 0.416262
0.308510 0.367559 0.013599 0.310331
0.238023 0.281523 0.014228 0.466226
0.484653 0.301013 0.090261 0.124073
0.409611 0.214300 0.007272 0.368818
0.233630 0.376130 0.037868 0.352372
0.248341 0.318302 0.000010 0.433347
0.262164 0.260264 0.009578 0.467994
0.300064 0.334759 0.037401 0.327776
0.299767 0.336280 0.014647 0.349306
0.387958 0.000010 0.029210 0.582822
0.320199 0.052581 0.004216 0.623004
0.445483 0.005606 0.000010 0.548901
0.377871 0.000010 0.010671 0.611449
0.414238 0.000010 0.001701 0.584051
0.389428 0.000010 0.000010 0.610552
0.432212 0.002710 0.000010 0.565068
0.336505 0.040471 0.000010 0.623014
0.388242 0.000010 0.004472 0.607276
0.391488 0.000010 0.000010 0.608492
0.397837 0.000010 0.000010 0.602143
0.380176 0.000010 0.000010 0.619804
0.379155 0.000010 0.000010 0.620825
0.418935 0.000010 0.000010 0.581045
0.407945 0.000010 0.000010 0.592035
0.380892 0.000010 0.006413 0.612685
0.296742 0.000014 0.000010 0.703234
0.361543 0.000010 0.020593 0.617853
0.347819 0.000010 0.000010 0.652161
0.369968 0.000010 0.000010 0.630012
0.393097 0.026475 0.000010 0.580418
0.306483 0.000010 0.000010 0.693497
0.369638 0.019029 0.001788 0.609545
0.379294 0.000010 0.039350 0.581345
0.569667 0.272304 0.023138 0.134891
0.594807 0.286645 0.007555 0.110993
0.560806 0.297862 0.021231 0.120100
0.543474 0.341551 0.032746 0.082228
0.615237 0.291620 0.013825 0.079318
0.497660 0.259315 0.024127 0.218898
0.540355 0.326813 0.024745 0.108088
0.523132 0.222809 0.000010 0.254049
0.524223 0.303656 0.018810 0.153311
0.548599 0.323351 0.033062 0.094988
0.559232 0.340822 0.009645 0.090301
0.588124 0.285094 0.004117 0.122666
0.507661 0.240817 0.000010 0.251511
0.611831 0.282436 0.000010 0.105723
0.552694 0.202777 0.030334 0.214195
0.539871 0.267844 0.021705 0.170580
0.582715 0.288973 0.001236 0.127076
0.587287 0.268368 0.020259 0.124086
0.220161 0.312258 0.040651 0.426930
0.347260 0.273750 0.000010 0.378980
0.680536 0.298949 0.020505 0.000010
0.713113 0.237497 0.003719 0.045671
0.662406 0.276735 0.012611 0.048247
0.602147 0.375786 0.007873 0.014193
0.654961 0.324471 0.020558 0.000010
0.717712 0.258844 0.023434 0.000010
0.650020 0.284017 0.008921 0.057042
0.684165 0.249938 0.034120 0.031777
0.684566 0.259080 0.043904 0.012450
0.617055 0.278472 0.030056 0.074418
0.638659 0.296344 0.000010 0.064986
0.628694 0.303055 0.020525 0.047727
0.697273 0.274519 0.028198 0.000010
0.655791 0.281177 0.003638 0.059394
0.614302 0.226750 0.030965 0.127983
0.681116 0.222747 0.034595 0.061542
0.531588 0.244931 0.024647 0.198834
0.614754 0.282653 0.000637 0.101956
0.683233 0.195330 0.018158 0.103279
0.677233 0.304400 0.001430 0.016938
0.644726 0.268640 0.002824 0.083809
0.652808 0.294962 0.012011 0.040219
0.615074 0.257557 0.000010 0.127359
0.602692 0.297885 0.003697 0.095725
0.693788 0.224056 0.015274 0.066882
0.627548 0.255623 0.000010 0.116819
0.675380 0.182987 0.009426 0.132207
0.719681 0.277861 0.002448 0.000010
0.672281 0.239606 0.000010 0.088103
0.603942 0.281317 0.026920 0.087821
0.343887 0.237563 0.007634 0.410916
0.322301 0.293572 0.000010 0.384117
0.266144 0.288655 0.025334 0.419868
0.281759 0.370120 0.006624 0.341497
0.392664 0.281065 0.009185 0.317086
0.355718 0.265168 0.010794 0.368320
0.287030 0.270685 0.023613 0.418672
0.332785 0.294967 0.000010 0.372237
0.347783 0.271350 0.000010 0.380857
0.428568 0.317143 0.005862 0.248427
0.361354 0.307079 0.000010 0.331557
0.300302 0.324890 0.007738 0.367069
0.350291 0.268341 0.000010 0.381358
0.297715 0.286615 0.000010 0.415660
0.294400 0.295685 0.000010 0.409905
0.540911 0.155957 0.008316 0.294817
0.574990 0.202296 0.008540 0.214174
0.573468 0.113589 0.008661 0.304283
0.572597 0.169362 0.022143 0.235898
0.557828 0.147192 0.019929 0.275051
0.502848 0.179615 0.025750 0.291787
0.507288 0.094968 0.012193 0.385551
0.513417 0.108533 0.031534 0.346516
0.456020 0.193523 0.018702 0.331755
0.464904 0.134086 0.032990 0.368021
0.537758 0.122640 0.055566 0.284036
0.480743 0.177817 0.008777 0.332663
0.567664 0.179160 0.051876 0.201301
0.497261 0.140615 0.019746 0.342378
0.507830 0.167404 0.034652 0.290115
0.471050 0.225924 0.024250 0.278776
0.528402 0.117702 0.018952 0.334944
0.476415 0.090343 0.051468 0.381773
0.521172 0.157797 0.029873 0.291158
0.535539 0.130256 0.039621 0.294584
0.479696 0.152606 0.041727 0.325971
0.611100 0.123019 0.040632 0.225248
0.532531 0.136291 0.034264 0.296914
0.559004 0.138659 0.034694 0.267643
0.506859 0.127333 0.029803 0.336004
0.471786 0.143800 0.053230 0.331184
0.544625 0.160485 0.012604 0.282287
0.518900 0.141493 0.020290 0.319317
0.569188 0.135705 0.023065 0.272043
0.482527 0.177912 0.000010 0.339551
0.473772 0.156044 0.031571 0.338612
0.415892 0.175597 0.061783 0.346729
0.547434 0.152244 0.009589 0.290734
0.521128 0.108123 0.025274 0.345475
0.000010 0.000010 0.999970 0.000010
0.000010 0.000010 0.999970 0.000010
0.000010 0.000010 0.999970 0.000010
0.000010 0.000010 0.999970 0.000010
0.000010 0.000010 0.999970 0.000010
0.000010 0.000010 0.999970 0.000010
0.000010 0.000010 0.999970 0.000010
0.000010 0.000010 0.999970 0.000010
0.000010 0.000010 0.999970 0.000010
0.000010 0.000010 0.999970 0.000010
0.000010 0.000010 0.999970 0.000010
0.000010 0.000010 0.999970 0.000010
0.194849 0.559825 0.028114 0.217212
0.091777 0.414607 0.051146 0.442470
0.044414 0.397649 0.106181 0.451756
0.062160 0.417997 0.086768 0.433075
0.102458 0.526119 0.054722 0.316701
0.028865 0.418256 0.129833 0.423046
0.000010 0.439319 0.122164 0.438507
0.035215 0.455525 0.094686 0.414574
0.080707 0.446281 0.034554 0.438458
0.088206 0.428749 0.093509 0.389536
0.098363 0.403296 0.056587 0.441754
0.061497 0.466629 0.039825 0.432049
0.028789 0.453687 0.126898 0.390626
0.000010 0.446781 0.112551 0.440657
0.211815 0.408647 0.072053 0.307484
0.133837 0.379624 0.106832 0.379706
0.283224 0.710317 0.006449 0.000010
0.262919 0.448302 0.027045 0.261734
0.237803 0.508603 0.040531 0.213063
0.211735 0.503521 0.039313 0.245431
0.248983 0.509782 0.044975 0.196260
0.242680 0.513578 0.039474 0.204268
0.190269 0.530613 0.035949 0.243169
0.172876 0.554783 0.051594 0.220747
0.217478 0.565121 0.060449 0.156953
0.138968 0.455975 0.058264 0.346794
0.216302 0.511211 0.045339 0.227148
0.238395 0.508690 0.036592 0.216323
0.163406 0.558910 0.056095 0.221589
0.113181 0.508500 0.012137 0.366182
0.222518 0.468693 0.023518 0.285271
0.233722 0.453969 0.050706 0.261603
0.218210 0.524396 0.051262 0.206132
0.202706 0.573214 0.046939 0.177142
0.282799 0.626578 0.030382 0.060241
0.419812 0.237814 0.007972 0.334402
0.396977 0.275788 0.005313 0.321922
0.407536 0.266371 0.004504 0.321589
0.418784 0.190967 0.000010 0.390239
0.426165 0.265562 0.045166 0.263108
0.409349 0.262997 0.002127 0.325527
0.375557 0.224529 0.000010 0.399905
0.399324 0.242182 0.016972 0.341521
0.267586 0.305582 0.000010 0.426822
0.377618 0.252230 0.026121 0.344031
0.331653 0.264282 0.024064 0.380000
0.407231 0.190006 0.042827 0.359936
0.265297 0.341210 0.021417 0.372077
0.343624 0.216112 0.033204 0.407059
0.308693 0.267838 0.019181 0.404288
0.324610 0.290490 0.030276 0.354624
0.391768 0.271034 0.023226 0.313972
0.238709 0.290221 0.002900 0.468169
0.252977 0.326114 0.022535 0.398374
0.339039 0.279121 0.012699 0.369140
0.279388 0.319273 0.039593 0.361746
0.301497 0.268072 0.023791 0.406640
0.316479 0.243210 0.010957 0.429353
0.306350 0.237747 0.023582 0.432321
0.268257 0.299690 0.023748 0.408305
0.433576 0.298263 0.000010 0.268151
0.286222 0.325271 0.008467 0.380041
0.380132 0.301722 0.002326 0.315821
0.415943 0.310080 0.015949 0.258028
0.370624 0.341834 0.000010 0.287532
0.350953 0.264571 0.022618 0.361859
0.312585 0.259116 0.012322 0.415977
0.348284 0.259003 0.000010 0.392703
0.387828 0.310203 0.021768 0.280201
0.332150 0.277694 0.017043 0.373113
0.447331 0.274209 0.015974 0.262485
0.367652 0.271993 0.013778 0.346578
0.460672 0.344502 0.017703 0.177123
0.324644 0.288587 0.000010 0.386759
0.419594 0.253193 0.005875 0.321338
0.378993 0.298139 0.016878 0.305990
0.354370 0.325991 0.000010 0.319629
0.302929 0.294175 0.000010 0.402886
0.334608 0.320803 0.000010 0.344579
0.315884 0.363615 0.013049 0.307452
0.387228 0.344990 0.027906 0.239875
0.309287 0.348346 0.000010 0.342357
0.378390 0.341075 0.001369 0.279166
0.377092 0.275797 0.009959 0.337152
