0.055299 0.046297 0.898404
0.062962 0.038995 0.898043
0.102542 0.034336 0.863122
0.045900 0.038003 0.916097
0.039376 0.016311 0.944313
0.022477 0.023669 0.953853
0.027081 0.019573 0.953347
0.005330 0.034034 0.960636
0.043674 0.023152 0.933174
0.023182 0.032080 0.944738
0.040944 0.029407 0.929648
0.041694 0.015494 0.942812
0.021037 0.050791 0.928171
0.000010 0.043669 0.956321
0.020769 0.024995 0.954237
0.026964 0.012780 0.960256
0.026064 0.016813 0.957122
0.011524 0.052224 0.936253
0.041352 0.035592 0.923056
0.033003 0.024186 0.942811
0.032472 0.042920 0.924609
0.007667 0.021828 0.970505
0.035755 0.021790 0.942455
0.009158 0.041854 0.948989
0.036222 0.018674 0.945104
0.044144 0.027879 0.927977
0.037046 0.036369 0.926585
0.029852 0.000010 0.970138
0.010383 0.034350 0.955267
0.000338 0.026688 0.972974
0.025529 0.030092 0.944379
0.017082 0.031756 0.951162
0.035343 0.024304 0.940352
0.015818 0.036637 0.947545
0.016593 0.021592 0.961815
0.032972 0.027817 0.939211
0.008984 0.025448 0.965568
0.017030 0.040314 0.942657
0.125923 0.019713 0.854364
0.065146 0.018965 0.915889
0.102011 0.038504 0.859485
0.171420 0.010767 0.817813
0.091621 0.031718 0.876661
0.120002 0.020658 0.859339
0.105065 0.006791 0.888144
0.133613 0.006117 0.860270
0.132986 0.007985 0.859030
0.102983 0.045159 0.851858
0.071791 0.043812 0.884397
0.090181 0.027995 0.881825
0.103357 0.036850 0.859794
0.097363 0.000010 0.902627
0.077063 0.036529 0.886408
0.118163 0.038287 0.843550
0.004033 0.526899 0.469068
0.017349 0.475955 0.506696
0.000010 0.512621 0.487369
0.023728 0.520788 0.455484
0.000010 0.481757 0.518233
0.000010 0.493714 0.506276
0.020536 0.501852 0.477612
0.033761 0.504256 0.461982
0.000010 0.506391 0.493599
0.006226 0.523427 0.470347
0.000010 0.980026 0.019964
0.043206 0.956784 0.000010
0.000010 0.982236 0.017754
0.004875 0.943774 0.051351
0.021669 0.962180 0.016151
0.000010 0.976286 0.023704
0.002167 0.965107 0.032726
0.008924 0.964641 0.026435
0.014470 0.985520 0.000010
0.023334 0.976656 0.000010
0.029005 0.955902 0.015092
0.025339 0.946218 0.028443
0.000010 0.979099 0.020891
0.008487 0.036184 0.955330
0.048245 0.025226 0.926529
0.015048 0.050162 0.934790
0.020680 0.049181 0.930139
0.040980 0.031495 0.927526
0.017709 0.013763 0.968528
0.030219 0.002676 0.967105
0.040362 0.023035 0.936602
0.035699 0.014396 0.949905
0.027363 0.030280 0.942357
0.033444 0.017007 0.949549
0.007930 0.011784 0.980286
0.008781 0.046904 0.944315
0.017659 0.040455 0.941886
0.033739 0.021760 0.944501
0.035655 0.038434 0.925910
0.012203 0.033958 0.953839
0.002123 0.032631 0.965246
0.034545 0.045138 0.920317
0.017504 0.027498 0.954998
0.004051 0.042829 0.953120
0.020525 0.029553 0.949922
0.012053 0.041099 0.946848
0.037289 0.013514 0.949197
0.064842 0.007455 0.927703
0.013811 0.030273 0.955916
0.046807 0.030580 0.922613
0.038385 0.004485 0.957130
0.033410 0.036421 0.930169
0.021947 0.018288 0.959765
0.049796 0.778981 0.171222
0.022265 0.787791 0.189945
0.038477 0.764250 0.197273
0.017196 0.793502 0.189303
0.069213 0.770461 0.160326
0.019260 0.756945 0.223795
0.048880 0.772431 0.178690
0.045970 0.719699 0.234332
0.000533 0.763648 0.235819
0.027024 0.767052 0.205924
0.031245 0.764081 0.204674
0.041371 0.745008 0.213621
0.044956 0.779838 0.175207
0.037855 0.736276 0.225869
0.044614 0.741146 0.214241
0.045207 0.043831 0.910962
0.061604 0.042177 0.896219
0.027382 0.045723 0.926894
0.034531 0.038734 0.926735
0.045540 0.031128 0.923332
0.058244 0.020618 0.921138
0.044826 0.055564 0.899611
0.015159 0.048427 0.936414
0.023932 0.039281 0.936787
0.052239 0.035543 0.912218
0.062385 0.044300 0.893315
0.011616 0.051941 0.936443
0.005174 0.045331 0.949495
0.041862 0.034379 0.923760
0.000010 0.054202 0.945788
0.038019 0.040738 0.921243
0.147250 0.007393 0.845356
0.099373 0.060131 0.840496
0.139651 0.058581 0.801768
0.087876 0.050253 0.861871
0.132924 0.036528 0.830549
0.164058 0.031051 0.804891
0.101397 0.036754 0.861849
0.115856 0.056142 0.828002
0.150841 0.044176 0.804983
0.108875 0.053217 0.837908
0.128541 0.069107 0.802352
0.130811 0.022168 0.847021
0.123322 0.041080 0.835598
0.107400 0.056336 0.836264
0.147754 0.054544 0.797702
0.120028 0.043371 0.836601
0.118259 0.014913 0.866828
0.129923 0.018091 0.851985
0.157537 0.035545 0.806918
0.260972 0.046015 0.693013
0.120773 0.214357 0.664870
0.216303 0.026302 0.757395
0.146138 0.162664 0.691198
0.153724 0.091118 0.755158
0.188537 0.061333 0.750130
0.186909 0.040391 0.772700
0.230314 0.040834 0.728852
0.340498 0.048837 0.610665
0.160647 0.066730 0.772623
0.225689 0.040691 0.733620
0.174350 0.147890 0.677760
0.186178 0.084479 0.729342
0.147166 0.078709 0.774125
0.197553 0.035948 0.766498
0.177095 0.062735 0.760170
0.198509 0.061181 0.740310
0.190456 0.088228 0.721316
0.243146 0.051767 0.705087
0.200395 0.072138 0.727467
0.219270 0.063497 0.717233
0.218052 0.074192 0.707756
0.000010 0.991840 0.008150
0.000671 0.966470 0.032859
0.000010 0.973342 0.026648
0.023351 0.938916 0.037733
0.019651 0.980339 0.000010
0.001054 0.928031 0.070915
0.000010 0.907275 0.092715
0.001577 0.981613 0.016810
0.000010 0.985245 0.014745
0.000010 0.999980 0.000010
0.000010 0.999980 0.000010
0.019401 0.980589 0.000010
0.025736 0.974254 0.000010
0.000010 0.990398 0.009592
0.010198 0.989792 0.000010
0.005135 0.982686 0.012178
0.004556 0.995434 0.000010
0.000010 0.019122 0.980868
0.004700 0.027040 0.968260
0.010631 0.005083 0.984286
0.000010 0.031183 0.968807
0.016019 0.008713 0.975268
0.000010 0.033720 0.966270
0.016062 0.014433 0.969505
0.000010 0.006827 0.993163
0.000010 0.009283 0.990707
0.007605 0.000010 0.992385
0.000010 0.020329 0.979661
0.014728 0.000010 0.985262
0.009834 0.000010 0.990156
0.018652 0.014657 0.966691
0.006335 0.005767 0.987898
0.000543 0.018591 0.980866
0.017389 0.002588 0.980023
0.003375 0.041052 0.955573
0.000010 0.005529 0.994461
0.000010 0.000010 0.999980
0.001422 0.000010 0.998568
0.012667 0.004726 0.982607
0.000478 0.003807 0.995715
0.029603 0.156368 0.814029
0.000010 0.164837 0.835153
0.004914 0.186635 0.808451
0.013819 0.138527 0.847653
0.005699 0.247060 0.747241
0.000010 0.136973 0.863017
0.036961 0.132966 0.830073
0.006097 0.162862 0.831041
0.020438 0.133450 0.846112
0.000010 0.133266 0.866724
0.000010 0.140677 0.859313
0.030719 0.157615 0.811666
0.015666 0.189760 0.794574
0.022166 0.842213 0.135621
0.006336 0.170401 0.823263
0.000010 0.154711 0.845279
0.000010 0.156131 0.843859
0.026844 0.134440 0.838716
0.024050 0.153446 0.822504
0.020758 0.219374 0.759868
0.065454 0.127628 0.806918
0.025824 0.157926 0.816250
0.021769 0.135312 0.842919
0.016683 0.224875 0.758442
0.000010 0.213203 0.786787
0.035903 0.179797 0.784300
0.000010 0.149634 0.850356
0.046888 0.158178 0.794935
0.000010 0.198381 0.801609
0.000010 0.163235 0.836755
0.013308 0.226690 0.760003
0.016747 0.136163 0.847090
0.023567 0.146137 0.830296
0.003901 0.131608 0.864491
0.017929 0.139394 0.842677
0.036928 0.176138 0.786935
0.000010 0.267761 0.732229
0.011403 0.164452 0.824144
0.020836 0.157509 0.821655
0.023983 0.140332 0.835685
0.035278 0.135107 0.829614
0.000010 0.144755 0.855235
0.013841 0.133884 0.852275
0.003546 0.110503 0.885950
0.000010 0.145477 0.854513
0.063680 0.020445 0.915874
0.045998 0.011028 0.942974
0.047017 0.000010 0.952973
0.054764 0.004187 0.941049
0.050615 0.000010 0.949375
0.033969 0.000010 0.966021
0.027232 0.001920 0.970848
0.066184 0.000010 0.933806
0.028789 0.016697 0.954514
0.045022 0.000010 0.954968
0.058224 0.003973 0.937803
0.038045 0.000010 0.961945
0.032371 0.000657 0.966972
0.036392 0.000010 0.963598
0.050278 0.000010 0.949712
0.025319 0.002608 0.972073
0.000010 0.999980 0.000010
0.000010 0.999980 0.000010
0.012167 0.987823 0.000010
0.000947 0.999043 0.000010
0.000010 0.999980 0.000010
0.000147 0.999843 0.000010
0.000010 0.999980 0.000010
0.002778 0.997212 0.000010
0.000010 0.999980 0.000010
0.000010 0.999980 0.000010
0.011020 0.988970 0.000010
0.000010 0.999980 0.000010
0.001495 0.998495 0.000010
0.000020 0.999970 0.000010
0.000010 0.999980 0.000010
0.000010 0.999980 0.000010
0.002245 0.997745 0.000010
0.001502 0.998488 0.000010
0.003361 0.996629 0.000010
0.030020 0.018496 0.951484
0.044065 0.000010 0.955925
0.025422 0.000010 0.974568
0.026712 0.008945 0.964343
0.056530 0.000010 0.943460
0.058597 0.000010 0.941393
0.034400 0.015604 0.949996
0.009521 0.004125 0.986354
0.027076 0.012636 0.960288
0.014196 0.018043 0.967761
0.032510 0.006053 0.961437
0.042956 0.017218 0.939826
0.036384 0.017552 0.946064
0.008444 0.010907 0.980649
0.193328 0.066223 0.740449
0.138897 0.068209 0.792894
0.178158 0.096270 0.725573
0.161032 0.078734 0.760234
0.168663 0.049673 0.781664
0.160009 0.062316 0.777675
0.154082 0.067283 0.778635
0.169131 0.069364 0.761505
0.202532 0.056117 0.741351
0.156530 0.089812 0.753658
0.185225 0.069387 0.745388
0.156900 0.062554 0.780546
0.172285 0.092260 0.735455
0.176383 0.192961 0.630656
0.208026 0.058260 0.733714
0.192224 0.054738 0.753039
0.208214 0.096427 0.695359
0.203110 0.117473 0.679417
0.158035 0.086530 0.755435
0.151733 0.097861 0.750406
0.188509 0.070299 0.741192
0.153501 0.114972 0.731527
0.156732 0.085645 0.757623
0.032367 0.026674 0.940959
0.015385 0.005824 0.978791
0.017788 0.012731 0.969480
0.035618 0.016989 0.947393
0.018982 0.026641 0.954378
0.044082 0.025879 0.930039
0.012049 0.022762 0.965189
0.071690 0.010990 0.917321
0.052703 0.020594 0.926703
0.034352 0.022149 0.943499
0.049998 0.003908 0.946094
0.019069 0.020664 0.960267
0.033322 0.021847 0.944831
0.021888 0.023815 0.954296
0.056997 0.015277 0.927726
0.028851 0.000010 0.971139
0.022473 0.016675 0.960852
0.046576 0.000010 0.953414
0.028115 0.021194 0.950690
0.022292 0.011497 0.966211
0.011398 0.041617 0.946985
0.023715 0.043591 0.932694
0.018893 0.013929 0.967178
0.075178 0.027220 0.897602
0.105103 0.016990 0.877907
0.019684 0.016331 0.963984
0.005103 0.024808 0.970090
0.023758 0.017476 0.958766
0.040047 0.022236 0.937717
0.060824 0.015683 0.923492
0.366242 0.031029 0.602729
0.317456 0.018951 0.663593
0.340800 0.038123 0.621077
0.317433 0.026872 0.655695
0.302893 0.037608 0.659499
0.333359 0.053207 0.613434
0.324872 0.045534 0.629594
0.315056 0.047587 0.637358
0.361465 0.000723 0.637812
0.359299 0.015350 0.625351
0.348493 0.037858 0.613649
0.358580 0.030790 0.610630
0.328407 0.057966 0.613627
0.332196 0.024032 0.643772
0.340281 0.055073 0.604646
0.334363 0.012894 0.652743
0.333919 0.028839 0.637242
0.337733 0.025614 0.636653
0.351843 0.045704 0.602453
0.347818 0.047598 0.604584
0.304833 0.031280 0.663887
0.322049 0.043209 0.634743
0.331967 0.055404 0.612630
0.345748 0.061068 0.593184
0.350402 0.026906 0.622692
0.016672 0.050737 0.932591
0.000010 0.036323 0.963667
0.000010 0.059372 0.940618
0.004974 0.050085 0.944941
0.009979 0.049153 0.940868
0.023268 0.030299 0.946433
0.040547 0.054909 0.904544
0.018532 0.044515 0.936952
0.013283 0.068328 0.918389
0.017191 0.035210 0.947600
0.000146 0.053217 0.946638
0.000010 0.059503 0.940487
0.007797 0.027413 0.964790
0.001226 0.066024 0.932750
0.028353 0.039693 0.931953
0.038879 0.047360 0.913761
0.019977 0.053118 0.926905
0.999980 0.000010 0.000010
0.988245 0.011745 0.000010
0.976719 0.013505 0.009777
0.999980 0.000010 0.000010
0.992020 0.007970 0.000010
0.999980 0.000010 0.000010
0.999980 0.000010 0.000010
0.999980 0.000010 0.000010
0.984495 0.015495 0.000010
0.999980 0.000010 0.000010
0.987020 0.000010 0.012970
0.999980 0.000010 0.000010
0.992329 0.005334 0.002337
0.987351 0.002903 0.009746
0.999980 0.000010 0.000010
0.999980 0.000010 0.000010
0.999980 0.000010 0.000010
0.999980 0.000010 0.000010
0.999980 0.000010 0.000010
0.964169 0.002739 0.033092
0.999980 0.000010 0.000010
0.999980 0.000010 0.000010
0.994087 0.000010 0.005903
0.999980 0.000010 0.000010
0.990149 0.002193 0.007657
0.994735 0.000010 0.005255
0.989361 0.000010 0.010629
0.999980 0.000010 0.000010
0.999980 0.000010 0.000010
0.999980 0.000010 0.000010
0.996633 0.000010 0.003357
0.975831 0.000010 0.024159
0.999980 0.000010 0.000010
0.978241 0.000010 0.021749
0.996082 0.003908 0.000010
0.999980 0.000010 0.000010
0.999980 0.000010 0.000010
0.997813 0.002177 0.000010
0.999980 0.000010 0.000010
0.999980 0.000010 0.000010
0.975343 0.024647 0.000010
0.999980 0.000010 0.000010
0.976008 0.000010 0.023982
0.999980 0.000010 0.000010
0.985082 0.000010 0.014908
0.999980 0.000010 0.000010
0.999980 0.000010 0.000010
0.984511 0.000010 0.015479
0.999980 0.000010 0.000010
0.999980 0.000010 0.000010
0.999980 0.000010 0.000010
0.996489 0.003501 0.000010
0.990315 0.000772 0.008913
0.995379 0.000010 0.004611
0.999980 0.000010 0.000010
0.985392 0.008010 0.006598
0.999980 0.000010 0.000010
0.979441 0.000010 0.020549
0.974803 0.007189 0.018008
0.999980 0.000010 0.000010
0.997180 0.002810 0.000010
0.999980 0.000010 0.000010
0.988049 0.000010 0.011941
0.999980 0.000010 0.000010
0.999980 0.000010 0.000010
0.999980 0.000010 0.000010
0.999980 0.000010 0.000010
0.980707 0.005414 0.013879
0.982042 0.000010 0.017948
0.999980 0.000010 0.000010
0.999980 0.000010 0.000010
0.999980 0.000010 0.000010
0.988571 0.001384 0.010045
0.991753 0.000010 0.008237
0.999980 0.000010 0.000010
0.986162 0.002966 0.010872
0.999980 0.000010 0.000010
0.999980 0.000010 0.000010
0.999980 0.000010 0.000010
0.999980 0.000010 0.000010
0.999980 0.000010 0.000010
0.999980 0.000010 0.000010
0.999980 0.000010 0.000010
0.999980 0.000010 0.000010
0.999980 0.000010 0.000010
0.999980 0.000010 0.000010
0.999980 0.000010 0.000010
0.985884 0.014106 0.000010
0.999980 0.000010 0.000010
0.999980 0.000010 0.000010
0.999980 0.000010 0.000010
0.973501 0.011485 0.015014
0.999980 0.000010 0.000010
0.999980 0.000010 0.000010
0.999980 0.000010 0.000010
0.973276 0.017945 0.008780
0.970723 0.004935 0.024342
0.983077 0.009328 0.007596
0.999980 0.000010 0.000010
0.999980 0.000010 0.000010
0.999980 0.000010 0.000010
0.999980 0.000010 0.000010
0.999980 0.000010 0.000010
0.995814 0.000010 0.004176
0.987312 0.007642 0.005047
0.992893 0.007097 0.000010
0.999980 0.000010 0.000010
0.289434 0.012159 0.698407
0.256462 0.000010 0.743528
0.266263 0.000010 0.733727
0.078285 0.013280 0.908435
0.249383 0.000010 0.750607
0.234307 0.005972 0.759721
0.272800 0.001947 0.725254
0.267314 0.000010 0.732676
0.259203 0.000010 0.740787
0.252496 0.000010 0.747494
0.219689 0.005073 0.775238
0.231757 0.000010 0.768233
0.268205 0.000010 0.731785
0.267508 0.009039 0.723453
0.275791 0.009290 0.714919
0.235511 0.000010 0.764479
0.251572 0.020871 0.727558
0.224739 0.003480 0.771781
0.262333 0.000010 0.737657
0.015847 0.040462 0.943691
0.028715 0.020287 0.950998
0.000112 0.030878 0.969010
0.004691 0.023114 0.972195
0.000010 0.059445 0.940545
0.027664 0.009686 0.962650
0.016701 0.040836 0.942463
0.037196 0.020901 0.941903
0.030656 0.049941 0.919403
0.033026 0.025042 0.941932
0.019870 0.026209 0.953921
0.000010 0.030741 0.969249
0.030635 0.035730 0.933635
0.041502 0.008374 0.950124
0.032383 0.028311 0.939305
0.000010 0.030941 0.969049
0.041055 0.011570 0.947376
0.024893 0.012667 0.962440
0.046459 0.000010 0.953531
0.000010 0.014573 0.985417
0.033155 0.031638 0.935207
0.024616 0.009753 0.965631
0.011599 0.030704 0.957697
0.061069 0.002447 0.936484
0.021466 0.002161 0.976372
0.019690 0.009337 0.970974
0.033131 0.000010 0.966859
0.045893 0.000010 0.954097
0.011434 0.005152 0.983415
0.038799 0.000010 0.961191
0.037051 0.025880 0.937069
0.042994 0.010847 0.946160
0.027654 0.010923 0.961423
0.028278 0.018314 0.953408
0.047796 0.008637 0.943567
0.049816 0.000662 0.949522
0.046410 0.009830 0.943760
0.037008 0.043355 0.919638
0.026650 0.006199 0.967151
0.039934 0.022244 0.937822
0.007701 0.013569 0.978730
0.031693 0.012441 0.955866
0.045369 0.014011 0.940620
0.037910 0.003937 0.958154
0.017540 0.012242 0.970219
0.024255 0.022962 0.952783
0.047851 0.006364 0.945786
0.036199 0.014599 0.949202
0.030843 0.026906 0.942251
0.034362 0.005836 0.959801
0.022111 0.009852 0.968037
0.045931 0.014408 0.939661
0.003821 0.033437 0.962742
0.048977 0.006290 0.944733
0.015270 0.003838 0.980891
0.003342 0.001307 0.995351
0.048199 0.000010 0.951791
0.030557 0.000716 0.968726
0.025178 0.008694 0.966128
0.024364 0.061106 0.914531
0.038568 0.055977 0.905455
0.010329 0.070529 0.919142
0.012476 0.065105 0.922419
0.025650 0.040258 0.934092
0.054843 0.051602 0.893555
0.024322 0.050532 0.925145
0.023018 0.059728 0.917255
0.013693 0.041293 0.945015
0.029121 0.054414 0.916465
0.024187 0.064072 0.911742
0.006645 0.062252 0.931104
0.982274 0.017716 0.000010
0.999980 0.000010 0.000010
0.991457 0.008533 0.000010
0.984880 0.006419 0.008701
0.999980 0.000010 0.000010
0.980708 0.015968 0.003324
0.976557 0.000010 0.023433
0.991650 0.000010 0.008340
0.998781 0.001209 0.000010
0.992645 0.000010 0.007345
0.935355 0.006847 0.057798
0.913947 0.003069 0.082985
0.911830 0.000010 0.088160
0.940127 0.001603 0.058270
0.935847 0.004832 0.059321
0.937220 0.002681 0.060099
0.979611 0.000010 0.020379
0.956919 0.000010 0.043071
0.940467 0.001812 0.057721
0.028800 0.033191 0.938008
0.041505 0.029651 0.928845
0.013583 0.049887 0.936530
0.000628 0.052638 0.946734
0.000010 0.055961 0.944029
0.018493 0.033303 0.948204
0.003391 0.048543 0.948066
0.014645 0.037137 0.948218
0.005900 0.029329 0.964771
0.000010 0.039479 0.960511
0.000010 0.015319 0.984671
0.033222 0.016190 0.950588
0.031257 0.037581 0.931163
0.005321 0.057287 0.937392
0.013545 0.053104 0.933351
0.015480 0.046405 0.938115
0.037186 0.020957 0.941857
0.006881 0.048850 0.944268
0.005862 0.030122 0.964016
0.020999 0.079719 0.899282
0.264751 0.064259 0.670990
0.010552 0.069937 0.919511
0.298973 0.055880 0.645147
0.016565 0.060226 0.923209
0.053563 0.047321 0.899116
0.046130 0.057768 0.896101
0.029359 0.054385 0.916256
0.014196 0.087821 0.897983
0.051077 0.082919 0.866004
0.021700 0.069958 0.908342
0.011055 0.100753 0.888192
0.054450 0.097190 0.848360
0.027917 0.084016 0.888067
0.043841 0.062367 0.893792
0.022015 0.097416 0.880569
0.047629 0.069791 0.882580
0.035981 0.076249 0.887770
0.043754 0.070830 0.885416
0.016352 0.067954 0.915694
0.015029 0.072209 0.912761
0.002485 0.118874 0.878641
0.031485 0.075171 0.893343
0.037404 0.072897 0.889699
0.015290 0.077879 0.906831
0.057004 0.059933 0.883063
0.073929 0.036484 0.889587
0.040029 0.063132 0.896839
0.018087 0.071838 0.910076
0.016207 0.106456 0.877338
0.028388 0.067979 0.903633
0.037097 0.070705 0.892198
0.023364 0.089373 0.887264
0.033405 0.056095 0.910500
0.027278 0.053480 0.919242
0.027026 0.079923 0.893051
0.037014 0.064997 0.897989
0.038852 0.074082 0.887065
0.033266 0.088024 0.878709
0.041714 0.079740 0.878546
0.019157 0.078127 0.902715
0.000010 0.109558 0.890432
0.026042 0.074400 0.899559
0.045438 0.057409 0.897153
0.031516 0.083646 0.884838
0.016520 0.058312 0.925168
0.032428 0.043229 0.924342
0.022190 0.058784 0.919026
0.012499 0.044589 0.942911
0.000010 0.076857 0.923133
0.002493 0.049926 0.947581
0.013254 0.047083 0.939663
0.010860 0.054392 0.934748
0.044251 0.056534 0.899215
0.007717 0.055605 0.936678
0.021779 0.046071 0.932151
0.033454 0.053460 0.913085
0.026995 0.056597 0.916408
0.000010 0.048887 0.951103
0.000010 0.053120 0.946870
0.011425 0.020274 0.968301
0.028307 0.013073 0.958620
0.045453 0.017220 0.937327
0.000010 0.029261 0.970729
0.024877 0.032426 0.942697
0.036750 0.008267 0.954984
0.031020 0.015042 0.953938
0.014424 0.020946 0.964630
0.005197 0.027438 0.967364
0.016507 0.044220 0.939272
0.000010 0.034455 0.965535
0.025763 0.036893 0.937343
0.041411 0.029463 0.929126
0.013554 0.030670 0.955776
0.036888 0.019726 0.943386
0.024777 0.019270 0.955954
0.029705 0.018373 0.951922
0.012519 0.034259 0.953222
0.030532 0.036210 0.933258
0.007134 0.024694 0.968172
0.000010 0.020729 0.979261
0.031505 0.234732 0.733763
0.030570 0.193328 0.776102
0.016526 0.236343 0.747132
0.000010 0.228309 0.771681
0.022271 0.235548 0.742180
0.000010 0.246653 0.753337
0.026192 0.206049 0.767759
0.012149 0.398751 0.589099
0.000010 0.201560 0.798430
0.024973 0.213720 0.761307
0.000010 0.239713 0.760277
0.002766 0.213831 0.783403
0.008891 0.026710 0.964400
0.018725 0.042329 0.938946
0.039729 0.013680 0.946591
0.024949 0.040278 0.934773
0.025867 0.079756 0.894377
0.020425 0.022199 0.957376
0.012057 0.058912 0.929031
0.014982 0.028286 0.956732
0.000010 0.026750 0.973240
0.029516 0.042449 0.928035
0.046344 0.014836 0.938820
0.019410 0.038919 0.941671
0.004470 0.035923 0.959607
0.024566 0.046237 0.929197
0.040623 0.025464 0.933913
0.000010 0.042095 0.957895
0.000010 0.018533 0.981457
0.028456 0.031574 0.939970
0.014476 0.012966 0.972558
0.017917 0.044215 0.937868
0.013718 0.045785 0.940497
0.041738 0.012656 0.945606
0.052489 0.020621 0.926890
0.007377 0.020097 0.972527
0.019273 0.001347 0.979380
0.028501 0.000010 0.971489
0.031631 0.017414 0.950955
0.050020 0.000010 0.949970
0.041163 0.000010 0.958827
0.033416 0.021473 0.945112
0.059194 0.000010 0.940796
0.069704 0.000010 0.930286
0.072071 0.000010 0.927919
0.019757 0.017071 0.963173
0.087751 0.000010 0.912239
0.008642 0.517248 0.474110
0.018792 0.475338 0.505870
0.056319 0.471399 0.472282
0.035471 0.501578 0.462951
0.000182 0.500081 0.499737
0.012796 0.581404 0.405800
0.028188 0.415429 0.556384
0.016095 0.658021 0.325884
0.009016 0.602061 0.388924
0.014533 0.656718 0.328749
0.014592 0.632685 0.352723
0.000010 0.538923 0.461067
0.015409 0.676575 0.308016
0.000010 0.673031 0.326959
0.018406 0.497057 0.484537
0.000010 0.490053 0.509937
0.006840 0.501608 0.491552
0.008996 0.482598 0.508406
0.032310 0.493345 0.474345
0.049927 0.000010 0.950063
0.070322 0.026442 0.903235
0.016044 0.014081 0.969875
0.045462 0.029186 0.925351
0.030319 0.010709 0.958973
0.052701 0.000010 0.947289
0.020407 0.001099 0.978494
0.022870 0.005155 0.971975
0.026642 0.000010 0.973348
0.014458 0.002825 0.982717
0.014514 0.028165 0.957322
0.020170 0.031791 0.948039
0.057307 0.000010 0.942683
0.034992 0.002479 0.962529
0.004248 0.011277 0.984475
0.058631 0.000010 0.941359
0.026019 0.022014 0.951967
0.036619 0.012326 0.951056
0.042499 0.000010 0.957491
0.016851 0.015077 0.968072
0.008931 0.012308 0.978761
0.019226 0.016338 0.964436
0.034633 0.000010 0.965357
0.000010 0.008445 0.991545
0.052329 0.000193 0.947478
0.015836 0.000010 0.984154
0.000010 0.016431 0.983559
0.007118 0.031062 0.961819
0.015460 0.035355 0.949185
0.037446 0.020898 0.941656
0.040383 0.000010 0.959607
0.050881 0.006944 0.942175
0.038707 0.012966 0.948327
0.026386 0.010655 0.962959
0.016178 0.021006 0.962817
0.049233 0.000010 0.950757
0.032106 0.005315 0.962578
0.024833 0.004899 0.970268
0.036805 0.000010 0.963185
0.026405 0.006247 0.967348
0.026573 0.015123 0.958305
0.083570 0.000010 0.916420
0.032047 0.004127 0.963825
0.031389 0.000010 0.968601
0.034364 0.012228 0.953408
0.042534 0.002269 0.955197
0.029593 0.024850 0.945557
0.016659 0.004636 0.978705
0.028591 0.001064 0.970346
0.037580 0.004615 0.957805
0.017762 0.002828 0.979411
0.038536 0.000010 0.961454
0.025107 0.024579 0.950314
0.023615 0.015874 0.960511
0.062040 0.005489 0.932471
0.017523 0.005648 0.976829
0.019135 0.010784 0.970081
0.023942 0.008914 0.967144
0.015949 0.023184 0.960867
0.008542 0.000010 0.991448
0.024034 0.001798 0.974168
0.034928 0.000010 0.965062
0.011151 0.000010 0.988839
0.023067 0.013126 0.963807
0.042295 0.000010 0.957695
0.005612 0.011771 0.982617
0.032957 0.004834 0.962209
0.020639 0.018929 0.960432
0.025920 0.000010 0.974070
0.047256 0.000010 0.952734
0.033815 0.000010 0.966175
0.007289 0.010184 0.982526
0.000010 0.016760 0.983230
0.038712 0.000010 0.961278
0.033192 0.000010 0.966798
0.030172 0.003393 0.966435
0.000010 0.000010 0.999980
0.000010 0.000010 0.999980
0.047781 0.006516 0.945704
0.032951 0.000010 0.967039
0.000010 0.000010 0.999980
0.047248 0.015500 0.937252
0.044329 0.004461 0.951210
0.033729 0.008012 0.958259
0.033796 0.014674 0.951530
0.020551 0.012312 0.967137
0.004783 0.005972 0.989245
0.002072 0.033230 0.964698
0.001840 0.018190 0.979971
0.022750 0.032435 0.944815
0.000863 0.009710 0.989427
0.019176 0.008481 0.972342
0.000010 0.007107 0.992883
0.027160 0.008885 0.963955
0.018851 0.027809 0.953340
0.015757 0.026984 0.957259
0.046520 0.002186 0.951294
0.025466 0.010592 0.963942
0.025926 0.015136 0.958937
0.034949 0.007675 0.957377
0.044120 0.000010 0.955870
0.037234 0.018588 0.944178
0.044570 0.006433 0.948996
0.039286 0.002638 0.958076
0.020856 0.009428 0.969717
0.019255 0.002086 0.978659
0.037217 0.017621 0.945163
0.000010 0.006312 0.993678
0.017831 0.000262 0.981907
0.035976 0.016281 0.947743
0.023977 0.010783 0.965240
0.030974 0.018638 0.950387
0.021292 0.009307 0.969401
0.037270 0.000395 0.962334
0.055578 0.000010 0.944412
0.035889 0.009705 0.954406
0.023055 0.002616 0.974328
0.055413 0.000010 0.944577
0.019591 0.007777 0.972632
0.017122 0.000010 0.982868
0.038288 0.007727 0.953985
0.045918 0.000010 0.954072
0.017235 0.011820 0.970945
0.011255 0.008017 0.980729
0.030757 0.017312 0.951932
0.037749 0.031447 0.930804
0.034453 0.055401 0.910146
0.060276 0.019105 0.920619
0.030143 0.058624 0.911233
0.040801 0.040014 0.919185
0.058283 0.040052 0.901664
0.050985 0.033488 0.915527
0.016677 0.032919 0.950404
0.061735 0.035038 0.903227
0.062415 0.034742 0.902842
0.045678 0.041219 0.913102
0.031624 0.056599 0.911778
0.061719 0.045877 0.892403
0.013089 0.050028 0.936883
0.064061 0.048265 0.887674
0.029597 0.035563 0.934840
0.063301 0.038651 0.898048
0.036193 0.044841 0.918966
0.068589 0.043555 0.887855
0.056007 0.038223 0.905769
0.058264 0.027970 0.913766
0.070464 0.054268 0.875268
0.047386 0.033859 0.918755
0.052831 0.003639 0.943530
0.064211 0.022395 0.913394
0.082955 0.016082 0.900963
0.034392 0.049166 0.916442
0.074232 0.042724 0.883044
0.061250 0.038300 0.900450
0.036958 0.013883 0.949160
0.050533 0.000010 0.949457
0.014799 0.006212 0.978988
0.027888 0.009209 0.962902
0.016762 0.022785 0.960453
0.028471 0.005767 0.965762
0.032441 0.009952 0.957607
0.042913 0.008761 0.948326
0.003514 0.017798 0.978688
0.013529 0.013267 0.973204
0.045956 0.000010 0.954034
0.035129 0.006939 0.957932
0.025620 0.011337 0.963043
0.020173 0.001437 0.978390
0.041240 0.004911 0.953849
0.037548 0.014622 0.947830
0.030281 0.007102 0.962617
0.034319 0.022482 0.943200
0.070143 0.000462 0.929395
0.034303 0.005021 0.960676
0.025115 0.007708 0.967177
0.045429 0.000010 0.954561
0.042403 0.000010 0.957587
0.041718 0.001029 0.957253
0.020396 0.010550 0.969055
0.000321 0.044922 0.954757
0.034589 0.000010 0.965401
0.042883 0.018882 0.938234
0.010039 0.006413 0.983548
0.033663 0.000010 0.966327
0.019527 0.007453 0.973020
0.040270 0.015816 0.943914
0.032187 0.000010 0.967803
0.049808 0.011360 0.938832
0.314525 0.053030 0.632446
0.347058 0.039941 0.613001
0.376251 0.058904 0.564845
0.370881 0.075073 0.554046
0.281448 0.050008 0.668544
0.368887 0.034754 0.596359
0.352137 0.066263 0.581600
0.400294 0.063211 0.536495
0.305645 0.059746 0.634609
0.341167 0.063874 0.594959
0.259195 0.042177 0.698628
0.367736 0.051584 0.580680
0.349327 0.082261 0.568413
0.287888 0.036660 0.675451
0.366245 0.090340 0.543415
0.348287 0.066027 0.585686
0.360896 0.066231 0.572873
0.355998 0.060990 0.583012
0.276946 0.048305 0.674749
0.386638 0.066921 0.546440
0.288712 0.026352 0.684936
0.314526 0.046318 0.639156
0.382897 0.053061 0.564042
0.328524 0.071550 0.599926
0.370149 0.051702 0.578149
0.336486 0.080080 0.583435
0.361457 0.035598 0.602945
0.249149 0.073944 0.676907
0.338723 0.067937 0.593339
0.390557 0.060920 0.548523
0.321352 0.036320 0.642329
0.332419 0.062051 0.605531
0.407583 0.044556 0.547861
0.337797 0.080956 0.581246
0.310009 0.051956 0.638035
0.360155 0.066677 0.573168
0.331234 0.051675 0.617090
0.348033 0.063824 0.588143
0.397620 0.069523 0.532857
0.404307 0.054701 0.540992
0.284065 0.060352 0.655582
0.362403 0.062932 0.574665
0.317281 0.052028 0.630690
0.349932 0.038563 0.611506
0.400205 0.059834 0.539961
0.347011 0.048780 0.604208
0.270263 0.035379 0.694358
0.348830 0.065832 0.585337
0.403076 0.073734 0.523190
0.315381 0.050624 0.633995
0.392749 0.074882 0.532369
0.267241 0.073787 0.658972
0.367161 0.080646 0.552193
0.369358 0.071099 0.559544
0.353499 0.074135 0.572366
0.399735 0.047587 0.552678
0.386105 0.058320 0.555576
0.355413 0.075432 0.569155
0.347924 0.085401 0.566675
0.357164 0.055733 0.587103
0.396407 0.053722 0.549871
0.383466 0.083471 0.533063
0.354183 0.085082 0.560735
0.353160 0.066462 0.580377
0.371239 0.053392 0.575369
0.336736 0.047877 0.615387
0.381660 0.066290 0.552049
0.368021 0.052652 0.579328
0.360755 0.057862 0.581384
0.380644 0.062920 0.556436
0.412398 0.064776 0.522826
0.381934 0.051271 0.566795
0.376569 0.043156 0.580275
0.350382 0.044769 0.604849
0.305121 0.048377 0.646502
0.348716 0.056730 0.594554
0.384128 0.058240 0.557632
0.404838 0.037309 0.557853
0.360305 0.062331 0.577364
0.399284 0.054548 0.546169
0.345664 0.060208 0.594128
0.352998 0.056655 0.590346
0.382895 0.057360 0.559744
0.375895 0.056330 0.567775
0.332521 0.072998 0.594481
0.349637 0.068411 0.581952
0.398735 0.064975 0.536290
0.367186 0.057485 0.575329
0.397018 0.056161 0.546820
0.368606 0.074617 0.556777
0.361430 0.045356 0.593215
0.371161 0.065847 0.562991
0.380727 0.080896 0.538377
0.359807 0.064716 0.575476
0.369293 0.063202 0.567505
0.376782 0.056543 0.566675
0.370022 0.081046 0.548932
0.361973 0.066185 0.571842
0.372940 0.061148 0.565911
0.353867 0.048456 0.597677
0.379892 0.064507 0.555601
0.378368 0.054408 0.567224
0.400363 0.040974 0.558663
0.391406 0.047546 0.561048
0.019719 0.036389 0.943892
0.001393 0.030392 0.968215
0.026680 0.036052 0.937268
0.026295 0.021858 0.951847
0.017820 0.012328 0.969852
0.014797 0.015201 0.970002
0.038447 0.025166 0.936386
0.026066 0.016484 0.957449
0.000010 0.026296 0.973694
0.015797 0.054528 0.929675
0.016733 0.022681 0.960586
0.000010 0.037398 0.962592
0.019895 0.019620 0.960485
0.014849 0.024567 0.960584
0.020209 0.019439 0.960352
0.013042 0.035841 0.951118
0.037443 0.047083 0.915474
0.020842 0.012883 0.966275
0.006064 0.019926 0.974010
0.016184 0.019283 0.964532
0.044024 0.020712 0.935264
0.022243 0.022425 0.955332
0.000010 0.050262 0.949728
0.045497 0.014058 0.940445
0.030148 0.031585 0.938268
0.012510 0.041772 0.945717
0.032216 0.013743 0.954041
0.007700 0.032256 0.960043
0.031076 0.008298 0.960626
0.031368 0.038926 0.929706
0.071579 0.020802 0.907619
0.022352 0.018096 0.959552
0.038100 0.021694 0.940206
0.046463 0.004416 0.949121
0.038248 0.032976 0.928776
0.019755 0.071043 0.909202
0.070702 0.000010 0.929288
0.005782 0.018003 0.976215
0.014646 0.019789 0.965565
0.028921 0.019982 0.951097
0.018126 0.024512 0.957362
0.079035 0.034254 0.886710
0.019816 0.019398 0.960786
0.016240 0.037933 0.945828
0.006659 0.054079 0.939261
0.001089 0.033364 0.965548
0.022461 0.012522 0.965017
0.009463 0.034179 0.956359
0.000010 0.023755 0.976235
0.051815 0.012052 0.936133
0.002368 0.041127 0.956504
0.012824 0.008908 0.978268
0.053681 0.014973 0.931346
0.004200 0.040089 0.955710
0.017611 0.032331 0.950058
0.053669 0.015841 0.930490
0.033409 0.914187 0.052404
0.009593 0.869366 0.121041
0.033347 0.901154 0.065499
0.002921 0.940087 0.056991
0.563433 0.016326 0.420241
0.464535 0.008309 0.527157
0.564635 0.022249 0.413116
0.597634 0.004961 0.397405
0.448971 0.022708 0.528322
0.580643 0.027312 0.392044
0.522056 0.023461 0.454483
0.560006 0.006542 0.433452
0.562904 0.023189 0.413908
0.535437 0.011290 0.453273
0.601515 0.001359 0.397126
0.550951 0.018243 0.430806
0.581150 0.000859 0.417991
0.559914 0.019942 0.420144
0.501799 0.015065 0.483136
0.522039 0.035102 0.442859
0.551316 0.033050 0.415634
0.577379 0.004321 0.418300
0.518727 0.017644 0.463629
0.552963 0.032477 0.414560
0.520348 0.021084 0.458568
0.345238 0.037497 0.617265
0.034939 0.000010 0.965051
0.043568 0.009890 0.946542
0.046194 0.000417 0.953389
0.033019 0.000010 0.966971
0.029016 0.010150 0.960834
0.034257 0.018146 0.947598
0.042065 0.000010 0.957925
0.025109 0.011447 0.963444
0.033567 0.011868 0.954565
0.034928 0.000010 0.965062
0.024014 0.013650 0.962336
0.033579 0.006845 0.959575
0.059635 0.000010 0.940355
0.063437 0.000010 0.936553
0.049937 0.000010 0.950053
0.023027 0.000902 0.976071
0.035151 0.000296 0.964553
0.059909 0.000010 0.940081
0.052730 0.000010 0.947260
0.019715 0.039058 0.941227
0.000010 0.023914 0.976076
0.007746 0.018135 0.974119
0.003211 0.032452 0.964337
0.025059 0.021610 0.953331
0.018941 0.015878 0.965182
0.018688 0.034160 0.947152
0.029547 0.024802 0.945651
0.021352 0.031279 0.947369
0.000010 0.054479 0.945511
0.000010 0.049026 0.950964
0.015727 0.028493 0.955780
0.029329 0.026309 0.944362
0.022481 0.026642 0.950876
0.013934 0.036812 0.949254
0.018309 0.012474 0.969217
0.000010 0.029711 0.970279
0.033583 0.029684 0.936734
0.018144 0.007903 0.973953
0.041772 0.028889 0.929339
0.031541 0.018871 0.949588
0.000010 0.051824 0.948166
0.007999 0.054715 0.937286
0.018154 0.032744 0.949102
0.025241 0.024988 0.949771
0.000010 0.072910 0.927080
0.019574 0.016680 0.963745
0.043752 0.044269 0.911979
0.030423 0.051112 0.918465
0.005351 0.029946 0.964703
0.024280 0.015422 0.960297
0.026476 0.014308 0.959216
0.016416 0.022853 0.960731
0.044755 0.001921 0.953325
0.023043 0.035750 0.941206
0.000531 0.074588 0.924881
0.007406 0.039971 0.952623
0.001509 0.003808 0.994683
0.011594 0.049375 0.939031
0.011061 0.046650 0.942288
0.005303 0.061676 0.933021
0.034412 0.037375 0.928212
0.007947 0.049459 0.942594
0.023506 0.034114 0.942379
0.009296 0.044270 0.946434
0.052495 0.030509 0.916996
0.000010 0.040725 0.959265
0.035128 0.014064 0.950808
0.000010 0.041718 0.958272
0.006320 0.025222 0.968458
0.009806 0.035296 0.954898
0.013017 0.054486 0.932497
0.025279 0.032648 0.942073
0.035353 0.012819 0.951827
0.000010 0.038463 0.961527
0.006663 0.021418 0.971919
0.005325 0.017037 0.977638
0.010553 0.050422 0.939024
0.024242 0.018008 0.957750
0.052677 0.037429 0.909894
0.070198 0.194943 0.734858
0.100941 0.062921 0.836139
0.079971 0.073449 0.846581
0.058018 0.044123 0.897859
0.088690 0.055802 0.855507
0.087847 0.114450 0.797703
0.074380 0.207520 0.718100
0.093715 0.062847 0.843438
0.092542 0.106374 0.801083
0.095258 0.024529 0.880214
0.086968 0.063496 0.849536
0.001051 0.131727 0.867222
0.087162 0.042901 0.869937
0.086842 0.094162 0.818996
0.139300 0.044228 0.816472
0.093889 0.070127 0.835984
0.102732 0.064831 0.832437
0.096002 0.057818 0.846180
0.119859 0.070601 0.809540
0.004879 0.008263 0.986858
0.035097 0.000332 0.964571
0.065753 0.000010 0.934237
0.015813 0.026711 0.957477
0.054223 0.000033 0.945744
0.018944 0.000010 0.981046
0.014637 0.013962 0.971401
0.036054 0.146727 0.817219
0.029300 0.097315 0.873385
0.038095 0.128008 0.833897
0.028270 0.139711 0.832019
0.038312 0.115690 0.845998
0.026787 0.138854 0.834359
0.057268 0.117950 0.824781
0.018775 0.115137 0.866088
0.000010 0.588836 0.411154
0.013233 0.135887 0.850880
0.046181 0.155059 0.798760
0.021831 0.133568 0.844600
0.057684 0.121591 0.820725
0.022168 0.117685 0.860148
0.044438 0.150734 0.804828
0.023006 0.136156 0.840837
0.042748 0.110850 0.846402
0.058852 0.102636 0.838512
0.038973 0.119300 0.841727
0.066366 0.117409 0.816225
0.198979 0.035824 0.765198
0.216838 0.058446 0.724716
0.234996 0.047646 0.717358
0.226730 0.032183 0.741087
0.204809 0.028592 0.766599
0.217127 0.029788 0.753086
0.240058 0.012337 0.747605
0.236633 0.027610 0.735758
0.241374 0.025359 0.733267
0.249597 0.031041 0.719362
0.197058 0.053641 0.749300
0.225210 0.025893 0.748896
0.233347 0.036577 0.730076
0.246639 0.032397 0.720965
0.231909 0.051271 0.716820
0.217798 0.025841 0.756361
0.228913 0.033250 0.737838
0.228680 0.023879 0.747441
0.211662 0.053733 0.734605
0.229906 0.046428 0.723666
0.200378 0.043089 0.756534
0.176767 0.055626 0.767608
0.686511 0.000010 0.313479
0.015021 0.016029 0.968951
0.035422 0.000010 0.964568
0.016699 0.022383 0.960918
0.032840 0.011904 0.955255
0.015541 0.015599 0.968859
0.016078 0.037656 0.946266
0.037770 0.005000 0.957230
0.020855 0.008959 0.970186
0.023458 0.025245 0.951297
0.110335 0.023054 0.866611
0.116612 0.039109 0.844279
0.142950 0.008086 0.848964
0.014787 0.027181 0.958031
0.026029 0.003117 0.970854
0.025019 0.022839 0.952142
0.033960 0.044849 0.921190
0.026394 0.031831 0.941775
0.002058 0.023624 0.974317
0.004815 0.045224 0.949961
0.013417 0.021441 0.965141
0.049636 0.103148 0.847215
0.026239 0.031429 0.942332
0.021595 0.035994 0.942411
0.023572 0.030101 0.946326
0.023611 0.014412 0.961977
0.010967 0.017286 0.971747
0.013598 0.016827 0.969575
0.024489 0.019699 0.955812
0.015051 0.058399 0.926550
0.038053 0.036402 0.925544
0.029615 0.053435 0.916951
0.019852 0.021006 0.959143
0.008283 0.026750 0.964967
0.018913 0.037870 0.943217
0.054962 0.000010 0.945028
0.047228 0.011021 0.941751
0.048612 0.000010 0.951378
0.054061 0.015175 0.930764
0.052237 0.009407 0.938356
0.046826 0.000010 0.953164
0.038321 0.093183 0.868496
0.024410 0.075316 0.900274
0.085344 0.079688 0.834967
0.074185 0.031598 0.894217
0.058438 0.044674 0.896888
0.107716 0.016033 0.876251
0.092453 0.017213 0.890335
0.043169 0.036538 0.920293
0.070913 0.016141 0.912946
0.078144 0.030227 0.891630
0.097469 0.031296 0.871236
0.061278 0.025729 0.912993
0.069951 0.042342 0.887707
0.099464 0.019409 0.881128
0.084185 0.000010 0.915805
0.092888 0.015851 0.891260
0.077001 0.020020 0.902978
0.136435 0.034931 0.828634
0.073280 0.047864 0.878857
0.111034 0.019161 0.869805
0.058637 0.038122 0.903241
0.067086 0.020142 0.912772
0.042985 0.000010 0.957005
0.024698 0.000010 0.975292
0.034749 0.000010 0.965241
0.027133 0.000010 0.972857
0.045549 0.002266 0.952185
0.027270 0.000010 0.972720
0.066150 0.000010 0.933840
0.056637 0.000010 0.943353
0.062263 0.000010 0.937727
0.072499 0.000010 0.927491
0.000998 0.022315 0.976687
0.024205 0.008653 0.967141
0.000010 0.036423 0.963567
0.004512 0.022572 0.972916
0.000010 0.037953 0.962037
0.005429 0.034965 0.959606
0.004767 0.009612 0.985621
0.032351 0.006956 0.960693
0.028900 0.018663 0.952437
0.012974 0.017988 0.969039
0.023469 0.005081 0.971449
0.000010 0.015494 0.984496
0.000010 0.987801 0.012189
0.015388 0.958458 0.026154
0.000790 0.965395 0.033816
0.000010 0.995012 0.004978
0.008414 0.986706 0.004880
0.000010 0.971473 0.028517
0.008042 0.967853 0.024105
0.029504 0.961885 0.008611
0.009380 0.953416 0.037204
0.002762 0.969254 0.027984
0.023121 0.965574 0.011305
0.012627 0.987363 0.000010
0.015090 0.965070 0.019840
0.010702 0.971547 0.017751
0.018035 0.952593 0.029372
0.012440 0.975060 0.012500
0.020628 0.965368 0.014004
0.007888 0.990809 0.001303
0.009566 0.964909 0.025525
0.016739 0.966295 0.016966
0.000010 0.954847 0.045143
0.025173 0.973996 0.000831
0.002397 0.953045 0.044557
0.026895 0.940490 0.032615
0.012112 0.949315 0.038573
0.031783 0.960257 0.007960
0.009863 0.971347 0.018790
0.000250 0.959475 0.040275
0.000010 0.972900 0.027090
0.002343 0.968058 0.029599
0.000679 0.961478 0.037844
0.007332 0.946591 0.046077
0.003013 0.983257 0.013730
0.012402 0.966748 0.020849
0.021264 0.961949 0.016787
0.012472 0.947831 0.039696
0.009727 0.985980 0.004294
0.019466 0.961195 0.019339
0.016868 0.963189 0.019942
0.012343 0.980459 0.007198
0.020098 0.979892 0.000010
0.024944 0.975046 0.000010
0.015098 0.960432 0.024470
0.034343 0.965647 0.000010
0.019225 0.963049 0.017726
0.017007 0.964959 0.018034
0.001119 0.973655 0.025226
0.000010 0.964476 0.035514
0.015721 0.968744 0.015535
0.017233 0.958846 0.023921
0.021814 0.945797 0.032389
0.004941 0.971061 0.023999
0.017090 0.972750 0.010160
0.005000 0.959391 0.035608
0.024364 0.973789 0.001846
0.010422 0.982269 0.007308
0.025610 0.967196 0.007195
0.000010 0.972236 0.027754
0.017255 0.961452 0.021293
0.000750 0.974558 0.024692
0.009059 0.966465 0.024476
0.013828 0.969133 0.017040
0.036401 0.953336 0.010264
0.005919 0.950320 0.043761
0.012857 0.969772 0.017371
0.004237 0.976391 0.019372
0.001583 0.978370 0.020047
0.006450 0.983822 0.009728
0.016626 0.983364 0.000010
0.017330 0.955936 0.026734
0.010641 0.980439 0.008921
0.008460 0.970512 0.021028
0.020359 0.976375 0.003266
0.000010 0.973315 0.026675
0.015315 0.970129 0.014556
0.009538 0.964576 0.025886
0.010080 0.966213 0.023708
0.019131 0.958917 0.021951
0.020798 0.979192 0.000010
0.018288 0.973382 0.008329
0.020685 0.966568 0.012747
0.006096 0.974039 0.019865
0.008632 0.967262 0.024106
0.012802 0.983345 0.003853
0.002308 0.957788 0.039903
