0.138746 0.030753 0.830501
0.227255 0.030586 0.742160
0.201004 0.026706 0.772290
0.451384 0.025255 0.523361
0.462870 0.001656 0.535473
0.474721 0.004516 0.520763
0.435568 0.000010 0.564422
0.479095 0.011395 0.509510
0.520586 0.017471 0.461943
0.518683 0.030807 0.450511
0.506534 0.028481 0.464984
0.465137 0.006185 0.528677
0.499401 0.040511 0.460088
0.387179 0.013302 0.599518
0.620596 0.019281 0.360123
0.600779 0.000010 0.399211
0.570227 0.007437 0.422336
0.544616 0.036138 0.419246
0.447359 0.029087 0.523553
0.533132 0.015737 0.451131
0.462638 0.020530 0.516832
0.624467 0.014699 0.360835
0.526698 0.014131 0.459171
0.526174 0.021415 0.452411
0.576375 0.006788 0.416837
0.573273 0.017131 0.409595
0.509892 0.029025 0.461083
0.668777 0.000010 0.331213
0.544664 0.015636 0.439700
0.614653 0.011742 0.373605
0.512773 0.015936 0.471291
0.655511 0.015598 0.328891
0.581657 0.008674 0.409669
0.438931 0.012049 0.549021
0.547161 0.006478 0.446361
0.496573 0.019375 0.484052
0.560739 0.002826 0.436435
0.409641 0.013445 0.576914
0.275922 0.022776 0.701302
0.275336 0.015961 0.708703
0.277302 0.041245 0.681453
0.288354 0.036118 0.675528
0.315403 0.026350 0.658247
0.249460 0.021370 0.729170
0.284052 0.000010 0.715938
0.421162 0.011836 0.567002
0.234238 0.023974 0.741788
0.154678 0.036700 0.808622
0.246741 0.042524 0.710734
0.278655 0.022601 0.698744
0.252199 0.030114 0.717687
0.288488 0.000010 0.711502
0.314648 0.030888 0.654464
0.240174 0.047060 0.712766
0.624569 0.023662 0.351770
0.542535 0.017031 0.440434
0.552218 0.042112 0.405671
0.515021 0.028522 0.456457
0.519228 0.017441 0.463330
0.613647 0.005063 0.381291
0.506730 0.000010 0.493260
0.530617 0.023437 0.445947
0.522427 0.000010 0.477563
0.443521 0.013275 0.543205
0.584602 0.013697 0.401701
0.538730 0.000010 0.461260
0.484693 0.021831 0.493476
0.623431 0.027334 0.349234
0.474217 0.007486 0.518298
0.574135 0.035201 0.390664
0.532756 0.009906 0.457338
0.541243 0.010365 0.448392
0.465951 0.030426 0.503623
0.560887 0.009103 0.430010
0.450066 0.021203 0.528730
0.507472 0.008328 0.484200
0.565933 0.025829 0.408238
0.538019 0.012389 0.449592
0.540259 0.010334 0.449407
0.638944 0.010547 0.350508
0.559194 0.024611 0.416196
0.501746 0.000010 0.498244
0.595174 0.029298 0.375528
0.476685 0.005853 0.517462
0.138699 0.013063 0.848238
0.067739 0.013568 0.918693
0.120691 0.013093 0.866217
0.183416 0.011053 0.805531
0.172618 0.004579 0.822802
0.130184 0.000010 0.869806
0.085613 0.030143 0.884244
0.165665 0.001316 0.833019
0.105919 0.010502 0.883579
0.286813 0.018791 0.694396
0.152913 0.027987 0.819099
0.184690 0.020858 0.794452
0.198027 0.006396 0.795577
0.150741 0.010766 0.838493
0.181548 0.013950 0.804502
0.174658 0.015286 0.810056
0.192907 0.011470 0.795623
0.215909 0.058168 0.725923
0.225661 0.059886 0.714452
0.314189 0.047767 0.638044
0.185617 0.044163 0.770220
0.179696 0.050752 0.769552
0.165676 0.029094 0.805230
0.198380 0.062185 0.739435
0.207640 0.054905 0.737455
0.156235 0.043313 0.800452
0.193203 0.071253 0.735544
0.227754 0.017263 0.754982
0.196602 0.044868 0.758529
0.225304 0.048067 0.726629
0.264339 0.072425 0.663235
0.272616 0.052251 0.675132
0.258344 0.023118 0.718537
0.302985 0.024882 0.672133
0.943309 0.019792 0.036899
0.946746 0.037120 0.016134
0.932507 0.009978 0.057515
0.959200 0.040790 0.000010
0.948000 0.006817 0.045183
0.932131 0.039960 0.027909
0.958675 0.014480 0.026845
0.883453 0.012148 0.104400
0.948613 0.000010 0.051377
0.987802 0.012188 0.000010
0.972247 0.027743 0.000010
0.897347 0.000010 0.102643
0.968886 0.000010 0.031104
0.980364 0.019626 0.000010
0.895790 0.006831 0.097379
0.984988 0.015002 0.000010
0.956154 0.010586 0.033261
0.891934 0.039940 0.068125
0.960502 0.007350 0.032147
0.998544 0.000010 0.001446
0.999980 0.000010 0.000010
0.978243 0.009979 0.011777
0.999736 0.000010 0.000254
0.773157 0.024315 0.202528
0.721241 0.000010 0.278749
0.800868 0.000010 0.199122
0.834794 0.021695 0.143512
0.726590 0.006355 0.267054
0.782320 0.014525 0.203155
0.804270 0.019914 0.175816
0.793412 0.000010 0.206578
0.761179 0.012360 0.226461
0.829520 0.010158 0.160322
0.752518 0.002646 0.244837
0.703422 0.012400 0.284178
0.836514 0.019009 0.144477
0.753435 0.011896 0.234670
0.421630 0.028562 0.549808
0.406986 0.004561 0.588454
0.400913 0.029550 0.569537
0.405565 0.027409 0.567027
0.358658 0.020723 0.620619
0.484195 0.016981 0.498824
0.331682 0.025551 0.642766
0.457910 0.023719 0.518370
0.408838 0.036222 0.554941
0.507135 0.015061 0.477805
0.525653 0.030849 0.443498
0.423134 0.036207 0.540659
0.442663 0.000010 0.557327
0.404996 0.048266 0.546739
0.450323 0.016319 0.533358
0.420777 0.031265 0.547958
0.398459 0.021510 0.580030
0.488655 0.020176 0.491169
0.572484 0.015059 0.412457
0.566289 0.015213 0.418498
0.576709 0.002726 0.420565
0.501680 0.043086 0.455235
0.532328 0.000010 0.467662
0.540563 0.022238 0.437199
0.529942 0.017242 0.452816
0.514265 0.042062 0.443673
0.485649 0.005789 0.508562
0.535589 0.021605 0.442806
0.552971 0.013754 0.433275
0.575271 0.021625 0.403104
0.612569 0.007693 0.379738
0.576171 0.016705 0.407124
0.559403 0.005492 0.435105
0.834019 0.024174 0.141807
0.895709 0.010166 0.094125
0.861574 0.003436 0.134991
0.694087 0.011785 0.294129
0.800807 0.033681 0.165513
0.848147 0.014972 0.136880
0.845361 0.035817 0.118822
0.684766 0.003428 0.311806
0.871692 0.000645 0.127663
0.769982 0.017597 0.212422
0.805466 0.000010 0.194524
0.779163 0.002413 0.218423
0.803739 0.007407 0.188854
0.757864 0.000010 0.242126
0.780509 0.026033 0.193457
0.815993 0.017229 0.166778
0.843119 0.015393 0.141488
0.820291 0.015641 0.164068
0.873916 0.021774 0.104310
0.809338 0.006089 0.184573
0.805850 0.025129 0.169021
0.850467 0.045400 0.104133
0.593593 0.000010 0.406397
0.758452 0.030102 0.211446
0.692196 0.012509 0.295295
0.812995 0.015916 0.171089
0.835801 0.029546 0.134653
0.840795 0.009396 0.149810
0.874689 0.017485 0.107826
0.787666 0.030781 0.181553
0.746760 0.017073 0.236167
0.738116 0.012978 0.248906
0.757530 0.028823 0.213647
0.735208 0.000926 0.263865
0.815465 0.011370 0.173165
0.728522 0.020545 0.250932
0.727360 0.017148 0.255492
0.785367 0.019794 0.194839
0.855724 0.000010 0.144266
0.784906 0.000010 0.215084
0.828042 0.000010 0.171948
0.808534 0.000010 0.191456
0.855257 0.010568 0.134175
0.348603 0.004980 0.646417
0.427849 0.017328 0.554823
0.458627 0.015226 0.526146
0.439464 0.026519 0.534016
0.382288 0.023844 0.593868
0.391847 0.008937 0.599216
0.362012 0.017553 0.620435
0.441930 0.012981 0.545088
0.442794 0.010471 0.546735
0.493502 0.001526 0.504973
0.358915 0.000010 0.641075
0.473122 0.000010 0.526868
0.479822 0.020850 0.499328
0.386164 0.023463 0.590372
0.368012 0.017124 0.614865
0.438693 0.020636 0.540671
0.469880 0.004036 0.526084
0.375291 0.026014 0.598694
0.454319 0.004125 0.541556
0.148137 0.049704 0.802160
0.105586 0.099926 0.794487
0.156283 0.024928 0.818789
0.084948 0.111930 0.803122
0.137065 0.024945 0.837990
0.000010 0.013661 0.986329
0.079042 0.043447 0.877511
0.025181 0.016285 0.958534
0.187605 0.056144 0.756250
0.087412 0.055362 0.857226
0.087796 0.035965 0.876239
0.023310 0.065184 0.911506
0.133604 0.063645 0.802751
0.000010 0.037150 0.962840
0.011644 0.023546 0.964809
0.108873 0.062507 0.828620
0.087324 0.051468 0.861208
0.000921 0.042614 0.956465
0.000010 0.026479 0.973511
0.000010 0.016865 0.983125
0.054525 0.026131 0.919344
0.167201 0.087169 0.745630
0.026582 0.035767 0.937651
0.148791 0.044256 0.806953
0.189888 0.044520 0.765593
0.147801 0.038987 0.813212
0.000010 0.001865 0.998125
0.114506 0.033073 0.852421
0.000010 0.026188 0.973802
0.161162 0.072634 0.766204
0.047205 0.019349 0.933446
0.175910 0.041850 0.782240
0.014232 0.058192 0.927576
0.000010 0.020095 0.979895
0.000010 0.007184 0.992806
0.119524 0.055731 0.824744
0.190589 0.042295 0.767117
0.176192 0.044360 0.779448
0.048195 0.046636 0.905169
0.070111 0.046478 0.883410
0.130417 0.036545 0.833038
0.012823 0.055910 0.931267
0.203650 0.048307 0.748043
0.051789 0.027666 0.920546
0.122385 0.050326 0.827290
0.485359 0.040072 0.474569
0.390828 0.029044 0.580128
0.406434 0.029479 0.564087
0.421585 0.015992 0.562423
0.399446 0.060873 0.539682
0.469024 0.023626 0.507350
0.383919 0.022203 0.593878
0.436542 0.036032 0.527426
0.476463 0.041463 0.482074
0.386400 0.020414 0.593185
0.519579 0.039080 0.441341
0.486191 0.032009 0.481801
0.413457 0.033774 0.552769
0.449724 0.014768 0.535508
0.429855 0.015293 0.554852
0.462282 0.001790 0.535928
0.511446 0.000010 0.488544
0.491540 0.007003 0.501457
0.519147 0.000971 0.479882
0.535391 0.026147 0.438462
0.584843 0.005054 0.410102
0.597214 0.000930 0.401856
0.563875 0.003279 0.432846
0.527946 0.021554 0.450501
0.527581 0.033561 0.438858
0.539510 0.011611 0.448879
0.560830 0.027919 0.411251
0.447505 0.016335 0.536160
0.443097 0.000010 0.556893
0.536637 0.007059 0.456303
0.470437 0.000010 0.529553
0.463091 0.005137 0.531772
0.521922 0.000010 0.478068
0.537932 0.029959 0.432109
0.618932 0.001524 0.379544
0.510480 0.003669 0.485851
0.539545 0.000414 0.460041
0.491590 0.024234 0.484176
0.532267 0.004610 0.463124
0.466035 0.022123 0.511842
0.528699 0.069511 0.401789
0.550255 0.006136 0.443609
0.527689 0.037141 0.435170
0.648312 0.022309 0.329379
0.560905 0.005010 0.434085
0.509406 0.036903 0.453691
0.535915 0.006939 0.457146
0.514798 0.016095 0.469106
0.547763 0.011441 0.440795
0.542156 0.033337 0.424506
0.531238 0.011014 0.457748
0.561515 0.020363 0.418122
0.595809 0.000010 0.404181
0.511042 0.020464 0.468494
0.558259 0.000010 0.441731
0.542957 0.030458 0.426586
0.536990 0.038765 0.424245
0.667466 0.003585 0.328949
0.895644 0.020051 0.084305
0.832951 0.038145 0.128904
0.832964 0.017117 0.149919
0.807420 0.005511 0.187069
0.876069 0.015559 0.108372
0.817070 0.009500 0.173431
0.905063 0.010552 0.084385
0.915601 0.000061 0.084338
0.863939 0.033277 0.102784
0.731133 0.032853 0.236014
0.823907 0.013665 0.162428
0.743627 0.006089 0.250284
0.858820 0.010680 0.130500
0.834029 0.000010 0.165961
0.783126 0.017812 0.199062
0.818075 0.024168 0.157757
0.916606 0.011235 0.072159
0.821190 0.016346 0.162464
0.776850 0.007199 0.215951
0.819351 0.021791 0.158858
0.865741 0.003094 0.131165
0.869026 0.008431 0.122543
0.838677 0.024006 0.137317
0.834623 0.000010 0.165367
0.772478 0.014528 0.212994
0.767937 0.032385 0.199678
0.802259 0.043229 0.154512
0.221551 0.010875 0.767574
0.059378 0.021030 0.919592
0.214266 0.000010 0.785724
0.159295 0.034523 0.806182
0.125636 0.004066 0.870298
0.081179 0.011162 0.907658
0.130046 0.000896 0.869058
0.182387 0.004134 0.813479
0.150449 0.018400 0.831150
0.167791 0.000010 0.832199
0.156456 0.012129 0.831415
0.123007 0.022563 0.854430
0.126555 0.032404 0.841041
0.096822 0.013526 0.889652
0.124992 0.024898 0.850110
0.184892 0.008009 0.807099
0.134661 0.025362 0.839977
0.138733 0.017896 0.843371
0.145837 0.022424 0.831739
0.103619 0.006592 0.889789
0.173305 0.013276 0.813419
0.174139 0.040676 0.785185
0.010745 0.000010 0.989245
0.354371 0.000010 0.645619
0.102313 0.000010 0.897677
0.150131 0.005681 0.844188
0.040038 0.003691 0.956270
0.074319 0.010401 0.915280
0.318972 0.031427 0.649601
0.817244 0.019315 0.163441
0.919063 0.017154 0.063783
0.857261 0.009267 0.133472
0.881530 0.022585 0.095884
0.887902 0.033503 0.078595
0.907495 0.012249 0.080256
0.857483 0.019849 0.122668
0.910039 0.034690 0.055271
0.820261 0.013132 0.166608
0.875471 0.022730 0.101799
0.896020 0.006358 0.097621
0.871218 0.018691 0.110091
0.920259 0.029845 0.049896
0.916875 0.011561 0.071564
0.933531 0.026302 0.040167
0.820918 0.026742 0.152340
0.921539 0.026954 0.051507
0.866447 0.045576 0.087976
0.831681 0.021813 0.146506
0.884454 0.021852 0.093694
0.956566 0.018759 0.024675
0.882180 0.000010 0.117810
0.823579 0.015067 0.161353
0.882695 0.027785 0.089519
0.931268 0.023181 0.045551
0.851862 0.041685 0.106453
0.911670 0.009636 0.078694
0.906007 0.033949 0.060045
0.862540 0.011570 0.125891
0.990655 0.009335 0.000010
0.921462 0.016676 0.061863
0.902751 0.033645 0.063604
0.792751 0.000010 0.207239
0.769323 0.024291 0.206386
0.508698 0.020174 0.471128
0.425156 0.001598 0.573246
0.491321 0.027704 0.480975
0.537417 0.005185 0.457398
0.564242 0.000010 0.435748
0.619586 0.006957 0.373457
0.525253 0.024007 0.450740
0.622276 0.009079 0.368645
0.567444 0.012784 0.419773
0.552295 0.039864 0.407841
0.482666 0.002569 0.514765
0.578163 0.015795 0.406042
0.571942 0.005223 0.422835
0.517390 0.006877 0.475733
0.576913 0.009549 0.413538
0.628334 0.026867 0.344799
0.473847 0.039086 0.487068
0.315903 0.000010 0.684087
0.506043 0.000010 0.493947
0.569699 0.000010 0.430291
0.532242 0.014338 0.453420
0.594268 0.011836 0.393896
0.366684 0.023018 0.610297
0.484998 0.000201 0.514801
0.550866 0.020331 0.428803
0.544350 0.018160 0.437490
0.484811 0.000010 0.515179
0.490934 0.019339 0.489726
0.551889 0.007166 0.440945
0.383798 0.015506 0.600696
0.169209 0.010342 0.820449
0.644226 0.012578 0.343196
0.563516 0.020807 0.415677
0.572788 0.000010 0.427202
0.393751 0.009099 0.597150
0.421620 0.047607 0.530773
0.569150 0.000010 0.430840
0.573393 0.005661 0.420946
0.623871 0.001465 0.374663
0.540713 0.015434 0.443853
0.557844 0.008246 0.433909
0.442060 0.030912 0.527029
0.522775 0.006924 0.470301
0.476881 0.017835 0.505284
0.478764 0.031344 0.489892
0.499971 0.013819 0.486209
0.522415 0.000010 0.477575
0.558387 0.008290 0.433322
0.598809 0.002608 0.398583
0.619211 0.014672 0.366118
0.581695 0.030203 0.388102
0.666586 0.000010 0.333404
0.606174 0.023101 0.370725
0.687546 0.022379 0.290075
0.587674 0.019448 0.392879
0.539511 0.014455 0.446034
0.819162 0.006589 0.174249
0.750639 0.023106 0.226255
0.858059 0.015616 0.126325
0.874571 0.006590 0.118840
0.808130 0.014344 0.177526
0.854804 0.022103 0.123093
0.831426 0.015177 0.153397
0.833247 0.021221 0.145532
0.798841 0.017758 0.183401
0.826058 0.008914 0.165028
0.873190 0.009759 0.117052
0.826095 0.001325 0.172579
0.747388 0.008344 0.244268
0.813794 0.022889 0.163317
0.781749 0.000010 0.218241
0.858026 0.011030 0.130944
0.809422 0.014586 0.175993
0.732819 0.010773 0.256407
0.836369 0.019992 0.143639
0.764171 0.037362 0.198467
0.759053 0.019443 0.221504
0.745280 0.013991 0.240729
0.750995 0.030460 0.218545
0.852694 0.029357 0.117949
0.840907 0.010475 0.148618
0.841533 0.044840 0.113627
0.857821 0.032455 0.109725
0.803719 0.039429 0.156852
0.734473 0.048521 0.217007
0.772440 0.038584 0.188976
0.784697 0.024222 0.191081
0.833711 0.032038 0.134251
0.761918 0.028648 0.209434
0.775977 0.022213 0.201809
0.753019 0.000010 0.246971
0.859598 0.036469 0.103933
0.792775 0.029533 0.177692
0.799423 0.019900 0.180677
0.756196 0.033163 0.210642
0.757207 0.021576 0.221217
0.722771 0.044165 0.233063
0.708926 0.044586 0.246488
0.805420 0.040625 0.153956
0.792531 0.025651 0.181818
0.693172 0.064431 0.242397
0.723069 0.007954 0.268978
0.760479 0.048726 0.190796
0.805865 0.054881 0.139254
0.807743 0.029408 0.162850
0.806803 0.025363 0.167834
0.766465 0.015476 0.218060
0.778637 0.014969 0.206394
0.682347 0.000010 0.317643
0.793957 0.047728 0.158315
0.747237 0.060050 0.192713
0.725260 0.033619 0.241121
0.863480 0.000010 0.136510
0.673116 0.038427 0.288457
0.718194 0.031014 0.250792
0.727132 0.061903 0.210965
0.744464 0.033239 0.222297
0.709933 0.037103 0.252963
0.823403 0.037252 0.139345
0.693833 0.032427 0.273740
0.713228 0.034265 0.252507
0.727516 0.023909 0.248574
0.785962 0.014225 0.199813
0.792077 0.034354 0.173569
0.817822 0.022752 0.159425
0.735791 0.028218 0.235991
0.771513 0.051316 0.177170
0.781016 0.029877 0.189107
0.809776 0.008772 0.181453
0.743845 0.029185 0.226971
0.841461 0.014087 0.144452
0.764953 0.007410 0.227637
0.736732 0.046617 0.216652
0.759731 0.009078 0.231191
0.719368 0.041247 0.239385
0.177203 0.181728 0.641069
0.158240 0.063853 0.777906
0.104464 0.064922 0.830614
0.217923 0.022752 0.759325
0.176167 0.053217 0.770615
0.131079 0.108794 0.760127
0.077047 0.194515 0.728438
0.256740 0.055461 0.687800
0.100905 0.093553 0.805542
0.212976 0.022595 0.764429
0.140504 0.049005 0.810491
0.175677 0.103776 0.720548
0.189832 0.027336 0.782832
0.196981 0.073177 0.729842
0.173348 0.051520 0.775132
0.144097 0.072526 0.783378
0.151781 0.065938 0.782281
0.179878 0.053324 0.766797
0.221013 0.081457 0.697530
0.006875 0.122037 0.871087
0.101933 0.065646 0.832421
0.049836 0.080516 0.869648
0.207723 0.110083 0.682194
0.144471 0.087273 0.768256
0.152070 0.107546 0.740385
0.135967 0.098437 0.765596
0.170464 0.079941 0.749595
0.067478 0.564337 0.368185
0.136081 0.099446 0.764473
0.094882 0.130229 0.774889
0.166214 0.107776 0.726011
0.128240 0.101939 0.769821
0.083119 0.083246 0.833636
0.187536 0.125992 0.686472
0.068926 0.097724 0.833350
0.101284 0.078084 0.820631
0.096248 0.073424 0.830328
0.078125 0.081891 0.839984
0.096318 0.098482 0.805199
0.606399 0.000303 0.393298
0.684229 0.000010 0.315761
0.685768 0.012582 0.301651
0.652387 0.006339 0.341274
0.658764 0.009340 0.331896
0.668664 0.022311 0.309025
0.557181 0.001615 0.441204
0.643088 0.000010 0.356902
0.598617 0.014340 0.387042
0.372001 0.043444 0.584555
0.332385 0.055735 0.611880
0.376918 0.032731 0.590351
0.531519 0.015086 0.453395
0.561120 0.006288 0.432592
0.543386 0.013921 0.442693
0.432170 0.029356 0.538475
0.579156 0.028426 0.392418
0.669038 0.012555 0.318407
0.527128 0.020173 0.452699
0.672880 0.015687 0.311433
0.393434 0.093668 0.512898
0.461057 0.012733 0.526210
0.525741 0.019413 0.454846
0.434132 0.008990 0.556878
0.483581 0.000010 0.516409
0.666414 0.012766 0.320820
0.564140 0.001304 0.434556
0.512425 0.006188 0.481387
0.594830 0.043697 0.361474
0.555664 0.032244 0.412093
0.433491 0.025852 0.540657
0.390898 0.000010 0.609092
0.496496 0.005263 0.498241
0.428484 0.015156 0.556360
0.151245 0.071111 0.777644
0.165878 0.048558 0.785564
0.148798 0.067833 0.783369
0.367806 0.037408 0.594786
0.284767 0.036151 0.679082
0.357424 0.030767 0.611809
0.282502 0.021029 0.696469
0.364707 0.034914 0.600379
0.316640 0.004836 0.678524
0.385021 0.031990 0.582989
0.361535 0.029952 0.608512
0.363739 0.028773 0.607488
0.291945 0.050032 0.658023
0.367495 0.026703 0.605802
0.356605 0.000010 0.643385
0.301893 0.020620 0.677487
0.408930 0.022171 0.568899
0.283474 0.047615 0.668912
0.354307 0.045040 0.600653
0.348143 0.024551 0.627306
0.305848 0.050928 0.643224
0.440037 0.020454 0.539509
0.639118 0.014408 0.346475
0.765957 0.015017 0.219026
0.703971 0.030894 0.265135
0.656717 0.009923 0.333359
0.689069 0.017778 0.293153
0.708249 0.034634 0.257117
0.665283 0.000010 0.334707
0.664398 0.002637 0.332964
0.605904 0.011750 0.382346
0.680721 0.005657 0.313622
0.719772 0.000089 0.280139
0.705322 0.008670 0.286008
0.568462 0.012555 0.418983
0.759216 0.022780 0.218004
0.685508 0.029457 0.285035
0.694261 0.028735 0.277004
0.638042 0.007354 0.354604
0.711668 0.001319 0.287013
0.642871 0.007623 0.349506
0.710144 0.003699 0.286157
0.752076 0.000010 0.247914
0.733181 0.012796 0.254023
0.716204 0.005715 0.278081
0.700629 0.025431 0.273940
0.657938 0.029224 0.312838
0.722681 0.030145 0.247174
0.564664 0.013844 0.421492
0.645338 0.024376 0.330286
0.526560 0.007480 0.465960
0.544854 0.010895 0.444251
0.523332 0.040098 0.436570
0.512060 0.000010 0.487930
0.548594 0.019446 0.431959
0.526121 0.000010 0.473869
0.477767 0.033601 0.488632
0.598859 0.035634 0.365508
0.516097 0.016798 0.467105
0.546431 0.024783 0.428786
0.582604 0.000010 0.417386
0.550301 0.003078 0.446620
0.530490 0.000010 0.469500
0.543320 0.021710 0.434970
0.458631 0.037489 0.503880
0.532668 0.014341 0.452991
0.518322 0.028279 0.453399
0.522408 0.004221 0.473371
0.532873 0.005978 0.461149
0.529275 0.007370 0.463355
0.569795 0.015447 0.414758
0.489229 0.014099 0.496672
0.530917 0.037282 0.431801
0.751771 0.020033 0.228196
0.800113 0.011167 0.188719
0.737241 0.020289 0.242469
0.741468 0.009347 0.249184
0.689055 0.014621 0.296324
0.747387 0.027794 0.224820
0.694709 0.029798 0.275493
0.739327 0.010721 0.249952
0.703100 0.015749 0.281151
0.748495 0.015946 0.235558
0.741683 0.004038 0.254279
0.765168 0.000010 0.234822
0.725188 0.003696 0.271116
0.780295 0.014646 0.205059
0.502346 0.000010 0.497644
0.572426 0.005249 0.422325
0.539019 0.000010 0.460971
0.453170 0.009130 0.537699
0.482903 0.028233 0.488864
0.459487 0.000010 0.540503
0.634474 0.006951 0.358576
0.548240 0.012445 0.439315
0.566384 0.000010 0.433606
0.294465 0.014068 0.691467
0.342109 0.059666 0.598225
0.265902 0.014581 0.719517
0.124153 0.034550 0.841297
0.106321 0.028915 0.864764
0.085964 0.117690 0.796346
0.111917 0.094543 0.793540
0.116751 0.092523 0.790727
0.044348 0.083568 0.872084
0.068754 0.054297 0.876950
0.056034 0.132648 0.811318
0.088863 0.101735 0.809402
0.074674 0.104868 0.820459
0.070936 0.135266 0.793798
0.101847 0.095457 0.802696
0.095006 0.079386 0.825608
0.107583 0.091093 0.801324
0.118927 0.101102 0.779971
0.073736 0.115486 0.810779
0.188301 0.230170 0.581529
0.194167 0.076741 0.729092
0.077126 0.074630 0.848243
0.170499 0.087472 0.742030
0.055115 0.097509 0.847376
0.253250 0.093758 0.652992
0.150342 0.113296 0.736362
0.133083 0.105180 0.761737
0.187593 0.121793 0.690615
0.078628 0.119825 0.801547
0.102453 0.080894 0.816653
0.058855 0.105487 0.835658
0.138325 0.071137 0.790538
0.068498 0.116263 0.815239
0.060966 0.049056 0.889979
0.123318 0.139914 0.736767
0.103543 0.105842 0.790616
0.003560 0.067990 0.928450
0.099304 0.102038 0.798658
0.040957 0.110550 0.848492
0.132291 0.107288 0.760421
0.110982 0.071722 0.817296
0.097511 0.153956 0.748534
0.050701 0.117405 0.831894
0.148781 0.094932 0.756287
0.108673 0.108361 0.782966
0.124659 0.164022 0.711319
0.074037 0.087555 0.838408
0.100555 0.123924 0.775521
0.393364 0.019899 0.586737
0.432137 0.000010 0.567853
0.526898 0.000010 0.473092
0.510571 0.024235 0.465194
0.424570 0.016935 0.558496
0.359944 0.004092 0.635964
0.360774 0.000010 0.639216
0.521666 0.017593 0.460741
0.484362 0.000010 0.515628
0.508898 0.015440 0.475662
0.398173 0.006794 0.595032
0.471368 0.000010 0.528622
0.496028 0.010566 0.493405
0.352611 0.007596 0.639793
0.488448 0.037382 0.474169
0.336416 0.029794 0.633790
0.553409 0.006331 0.440260
0.564540 0.029836 0.405623
0.383937 0.040218 0.575845
0.464645 0.037449 0.497907
0.520989 0.003859 0.475152
0.482142 0.000010 0.517848
0.436594 0.016844 0.546562
0.483704 0.045255 0.471040
0.504648 0.009269 0.486083
0.381645 0.009003 0.609352
0.619939 0.029673 0.350388
0.467180 0.034539 0.498282
0.475464 0.008035 0.516501
0.474601 0.008280 0.517119
0.384785 0.052487 0.562728
0.506193 0.021299 0.472509
0.499285 0.014338 0.486377
0.395941 0.025384 0.578675
0.524228 0.012085 0.463686
0.408403 0.030264 0.561334
0.553694 0.027325 0.418981
0.454187 0.029758 0.516056
0.528256 0.035467 0.436277
0.553378 0.029206 0.417416
0.404841 0.009988 0.585171
0.357625 0.073796 0.568580
0.449785 0.011722 0.538493
0.474039 0.018755 0.507206
0.405780 0.022503 0.571717
0.425325 0.000010 0.574665
0.536772 0.045363 0.417865
0.469391 0.026893 0.503716
0.459301 0.049408 0.491291
0.460575 0.012477 0.526948
0.590554 0.024926 0.384520
0.402232 0.030302 0.567466
0.441730 0.016255 0.542015
0.396666 0.013596 0.589738
0.632488 0.095706 0.271805
0.608570 0.009767 0.381663
0.345278 0.039777 0.614945
0.397685 0.000010 0.602305
0.438311 0.011419 0.550269
0.436443 0.038911 0.524645
0.442563 0.016377 0.541060
0.704519 0.031097 0.264384
0.592382 0.000932 0.406686
0.744693 0.000010 0.255297
0.693268 0.013764 0.292968
0.740080 0.006777 0.253142
0.759079 0.007670 0.233251
0.757672 0.000010 0.242318
0.622237 0.000010 0.377753
0.722888 0.010977 0.266135
0.726196 0.000010 0.273794
0.772812 0.008292 0.218896
0.696540 0.000010 0.303450
0.711841 0.000010 0.288149
0.757638 0.008657 0.233704
0.802786 0.012192 0.185022
0.706844 0.009234 0.283922
0.633573 0.000010 0.366417
0.711966 0.032650 0.255384
0.672868 0.000010 0.327122
0.671206 0.000010 0.328784
0.687772 0.005203 0.307025
0.674649 0.000010 0.325341
0.666651 0.000022 0.333327
0.745962 0.049776 0.204262
0.758860 0.025820 0.215320
0.786445 0.008735 0.204821
0.741140 0.023991 0.234869
0.693126 0.036665 0.270209
0.809041 0.016175 0.174783
0.686083 0.026203 0.287714
0.700727 0.028992 0.270281
0.743240 0.000010 0.256750
0.694257 0.020519 0.285225
0.713221 0.036697 0.250082
0.719259 0.013828 0.266913
0.776498 0.008071 0.215431
0.713847 0.001114 0.285038
0.801417 0.000010 0.198573
0.769093 0.032838 0.198069
0.728157 0.025174 0.246669
0.766509 0.003990 0.229502
0.777554 0.024128 0.198319
0.368648 0.041600 0.589753
0.527263 0.000165 0.472572
0.862464 0.022122 0.115414
0.934959 0.010167 0.054874
0.851950 0.013143 0.134907
0.746462 0.012917 0.240621
0.852498 0.032675 0.114826
0.936390 0.028489 0.035120
0.839049 0.013501 0.147450
0.881140 0.039313 0.079547
0.871661 0.047726 0.080614
0.797180 0.033677 0.169143
0.829795 0.000010 0.170195
0.799987 0.024041 0.175972
0.897929 0.031285 0.070786
0.845344 0.008762 0.145893
0.820941 0.034564 0.144495
0.892299 0.039903 0.067798
0.721778 0.027112 0.251110
0.799181 0.005354 0.195465
0.924216 0.019517 0.056266
0.869696 0.007757 0.122547
0.838660 0.007242 0.154098
0.839964 0.016233 0.143803
0.820414 0.001891 0.177695
0.781580 0.006849 0.211571
0.914286 0.017565 0.068149
0.831617 0.000010 0.168373
0.913612 0.012309 0.074079
0.925072 0.007312 0.067616
0.875164 0.004454 0.120382
0.791333 0.028074 0.180593
0.541114 0.009706 0.449180
0.492649 0.001374 0.505977
0.420996 0.027452 0.551552
0.412694 0.009691 0.577616
0.559994 0.010609 0.429397
0.533361 0.012091 0.454548
0.459874 0.024381 0.515745
0.501680 0.000010 0.498310
0.528237 0.000010 0.471753
0.600657 0.008201 0.391142
0.524649 0.000225 0.475125
0.457131 0.010165 0.532704
0.537151 0.000010 0.462839
0.471606 0.000010 0.528384
0.460189 0.000010 0.539801
0.791090 0.010828 0.198082
0.800572 0.009543 0.189885
0.839523 0.010354 0.150122
0.803357 0.024222 0.172420
0.805809 0.021096 0.173094
0.724097 0.028185 0.247718
0.775905 0.015816 0.208279
0.763413 0.032529 0.204059
0.673435 0.020914 0.305651
0.700830 0.033753 0.265417
0.781013 0.057732 0.161255
0.701629 0.011766 0.286605
0.788272 0.053915 0.157813
0.737676 0.021708 0.240616
0.738024 0.036716 0.225260
0.673418 0.027358 0.299224
0.787662 0.020168 0.192169
0.736172 0.055071 0.208757
0.752075 0.032210 0.215715
0.779650 0.042771 0.177580
0.705362 0.043866 0.250772
0.862485 0.042873 0.094642
0.782409 0.036742 0.180849
0.806785 0.036670 0.156546
0.759806 0.033127 0.207067
0.706575 0.055156 0.238270
0.779902 0.013654 0.206444
0.768154 0.022817 0.209028
0.819088 0.024335 0.156577
0.705090 0.000010 0.294900
0.710515 0.034189 0.255296
0.636429 0.064025 0.299546
0.789597 0.012198 0.198205
0.777639 0.027672 0.194689
0.000010 0.999980 0.000010
0.000010 0.999980 0.000010
0.000010 0.999980 0.000010
0.000010 0.999980 0.000010
0.000010 0.999980 0.000010
0.000010 0.999980 0.000010
0.000010 0.999980 0.000010
0.000010 0.999980 0.000010
0.000010 0.999980 0.000010
0.000013 0.999977 0.000010
0.000010 0.999980 0.000010
0.000010 0.999980 0.000010
0.232402 0.032385 0.735213
0.170897 0.051275 0.777829
0.110286 0.106423 0.783291
0.132862 0.088366 0.778772
0.142866 0.057443 0.799692
0.082511 0.131152 0.786337
0.032038 0.123462 0.844500
0.085288 0.096036 0.818675
0.152026 0.035497 0.812477
0.158312 0.095255 0.746433
0.183864 0.057493 0.758643
0.123216 0.041508 0.835276
0.065580 0.127826 0.806594
0.036810 0.112894 0.850295
0.298144 0.074034 0.627822
0.221297 0.109163 0.669540
0.281695 0.015708 0.702598
0.348614 0.029851 0.621536
0.297138 0.043327 0.659536
0.269076 0.044650 0.686274
0.297876 0.048076 0.654048
0.297514 0.042619 0.659867
0.235033 0.038328 0.726640
0.207432 0.054367 0.738201
0.241176 0.062992 0.695832
0.209554 0.060172 0.730274
0.273009 0.049033 0.677958
0.290688 0.040043 0.669269
0.193024 0.058884 0.748091
0.174057 0.013988 0.811956
0.298645 0.026376 0.674978
0.315417 0.054003 0.630580
0.265034 0.052936 0.682030
0.227802 0.051654 0.720544
0.300229 0.032509 0.667262
0.622118 0.011907 0.365975
0.578169 0.008118 0.413713
0.592625 0.006475 0.400900
0.641926 0.000010 0.358064
0.599797 0.047349 0.352854
0.599537 0.005899 0.394564
0.582452 0.000010 0.417538
0.594630 0.018767 0.386603
0.436446 0.001107 0.562447
0.557724 0.028178 0.414098
0.512642 0.025596 0.461762
0.614552 0.045168 0.340279
0.406788 0.024571 0.568641
0.542613 0.036271 0.421116
0.482222 0.021632 0.496146
0.481342 0.031551 0.487107
0.566432 0.025834 0.407734
0.396583 0.006243 0.597175
0.392062 0.023189 0.584749
0.500890 0.013292 0.485818
0.426174 0.041722 0.532104
0.475994 0.025720 0.498286
0.499195 0.010853 0.489952
0.481946 0.025203 0.492851
0.426653 0.026377 0.546969
0.616015 0.000455 0.383529
0.433993 0.009153 0.556854
0.553491 0.004977 0.441531
0.580471 0.018796 0.400732
0.527424 0.000010 0.472566
0.525158 0.025375 0.449467
0.495183 0.013650 0.491167
0.543564 0.000010 0.456426
0.549171 0.023982 0.426847
0.499803 0.018155 0.482042
0.630151 0.018292 0.351557
0.546281 0.015083 0.438635
0.607591 0.021089 0.371320
0.500007 0.000010 0.499983
0.610342 0.007374 0.382284
0.546492 0.019002 0.434506
0.511551 0.001416 0.487033
0.465640 0.000375 0.533985
0.490339 0.000010 0.509651
0.444450 0.014704 0.540846
0.532874 0.031053 0.436072
0.460878 0.000010 0.539112
0.526090 0.003138 0.470772
0.553566 0.011520 0.434914
