0.638932 0.142778 0.006755 0.051061 0.160474
0.672290 0.141923 0.000010 0.065364 0.120413
0.676217 0.187743 0.009077 0.031963 0.095000
0.284256 0.293488 0.013146 0.042720 0.366392
0.274136 0.328725 0.002188 0.042613 0.352339
0.278081 0.284448 0.005564 0.059614 0.372292
0.298960 0.317368 0.006722 0.013733 0.363217
0.258499 0.311092 0.001665 0.053240 0.375504
0.278310 0.339625 0.011431 0.040511 0.330123
0.283751 0.319331 0.003358 0.066091 0.327469
0.299294 0.334124 0.009677 0.023411 0.333494
0.247791 0.297135 0.010863 0.069320 0.374891
0.284848 0.324069 0.008055 0.055611 0.327417
0.295284 0.286795 0.003850 0.017672 0.396399
0.272763 0.405191 0.014193 0.003705 0.304149
0.304068 0.351039 0.000010 0.048646 0.296237
0.283215 0.321138 0.003930 0.047145 0.344571
0.302051 0.388304 0.003212 0.012908 0.293525
0.296146 0.350450 0.019527 0.039586 0.294290
0.305423 0.368934 0.004554 0.052175 0.268914
0.300110 0.311424 0.002335 0.035311 0.350820
0.291165 0.367099 0.002476 0.028151 0.311109
0.279020 0.348727 0.008297 0.034437 0.329519
0.289742 0.344239 0.007789 0.050731 0.307499
0.262509 0.361772 0.000010 0.032541 0.343169
0.265431 0.420610 0.002930 0.052953 0.258076
0.298161 0.362479 0.006473 0.032286 0.300602
0.298350 0.393114 0.000010 0.042031 0.266495
0.299814 0.392294 0.000010 0.049199 0.258683
0.278749 0.355185 0.004581 0.065559 0.295927
0.279076 0.387312 0.005951 0.025231 0.302430
0.288497 0.382724 0.005377 0.015834 0.307568
0.267977 0.393842 0.005601 0.030473 0.302107
0.306978 0.345725 0.000010 0.029897 0.317391
0.282781 0.380161 0.005145 0.051937 0.279975
0.281608 0.339286 0.010021 0.070767 0.298318
0.305808 0.372908 0.003947 0.028804 0.288533
0.253249 0.333497 0.008463 0.059363 0.345429
0.634882 0.281634 0.015515 0.030492 0.037477
0.670951 0.265991 0.008672 0.000010 0.054376
0.617620 0.245825 0.009337 0.028956 0.098261
0.622454 0.292276 0.025904 0.037305 0.022062
0.649959 0.255884 0.016532 0.040994 0.036631
0.645710 0.215274 0.011171 0.026110 0.101735
0.668088 0.236744 0.003220 0.064485 0.027463
0.560076 0.355791 0.016253 0.034892 0.032988
0.642802 0.268880 0.017478 0.046995 0.023845
0.627769 0.233168 0.004955 0.088277 0.045830
0.648917 0.225918 0.018173 0.005946 0.101046
0.613027 0.255598 0.007183 0.068790 0.055402
0.644744 0.228353 0.019420 0.022491 0.084993
0.629306 0.276692 0.000010 0.039873 0.054119
0.624269 0.231324 0.008852 0.016870 0.118685
0.653165 0.247111 0.025096 0.024184 0.050443
0.267816 0.364658 0.004396 0.011812 0.351318
0.299807 0.365835 0.004324 0.044906 0.285128
0.316774 0.375871 0.004948 0.023026 0.279381
0.292753 0.340633 0.006703 0.039107 0.320805
0.306827 0.355898 0.005074 0.042911 0.289289
0.303276 0.353044 0.014016 0.000010 0.329654
0.288084 0.331346 0.000010 0.029213 0.351347
0.263881 0.353833 0.005310 0.019168 0.357807
0.302829 0.346228 0.002184 0.000010 0.348749
0.314560 0.335312 0.010482 0.034864 0.304782
0.302035 0.354142 0.005902 0.002697 0.335224
0.316857 0.355145 0.003309 0.017519 0.307169
0.227309 0.374209 0.007608 0.068225 0.322649
0.241470 0.389986 0.012624 0.045479 0.310442
0.298302 0.307696 0.000010 0.067337 0.326655
0.283996 0.371501 0.004964 0.053926 0.285614
0.281802 0.344317 0.001681 0.043864 0.328337
0.295331 0.355680 0.000010 0.048873 0.300106
0.289498 0.339213 0.012804 0.023948 0.334537
0.297867 0.351684 0.011357 0.024789 0.314305
0.321119 0.315644 0.000010 0.009671 0.353556
0.291520 0.349267 0.000010 0.048342 0.310860
0.276033 0.349930 0.006357 0.031017 0.336662
0.302888 0.324057 0.003075 0.024611 0.345369
0.327827 0.365781 0.000010 0.040865 0.265517
0.272870 0.413131 0.000010 0.028534 0.285456
0.285674 0.369081 0.006357 0.026034 0.312855
0.289264 0.400886 0.000010 0.013124 0.296715
0.260170 0.370400 0.001924 0.055147 0.312359
0.295080 0.322125 0.000010 0.018316 0.364469
0.511659 0.075838 0.001125 0.089596 0.321781
0.621187 0.076047 0.008506 0.034859 0.259401
0.528326 0.061855 0.005595 0.117165 0.287059
0.576928 0.072164 0.000010 0.058115 0.292783
0.496909 0.082938 0.003843 0.094258 0.322053
0.539599 0.081406 0.003244 0.091296 0.284455
0.562972 0.089959 0.006272 0.080519 0.260279
0.525060 0.117427 0.008295 0.071534 0.277684
0.577092 0.056073 0.002404 0.078661 0.285770
0.521398 0.220037 0.003808 0.054138 0.200619
0.503295 0.095328 0.006873 0.093471 0.301033
0.540442 0.068892 0.000010 0.069587 0.321069
0.534205 0.080567 0.013427 0.085220 0.286581
0.589988 0.085305 0.003149 0.069161 0.252398
0.541173 0.072377 0.002037 0.078625 0.305787
0.551147 0.095412 0.005430 0.063672 0.284339
0.576192 0.137388 0.024784 0.070716 0.190921
0.578315 0.133766 0.044152 0.033427 0.210340
0.590151 0.124259 0.037338 0.052006 0.196246
0.566243 0.172023 0.040110 0.047453 0.174171
0.595053 0.128930 0.034163 0.075899 0.165955
0.556728 0.156227 0.049864 0.085437 0.151745
0.549358 0.149915 0.026805 0.121655 0.152268
0.572845 0.119855 0.034163 0.059765 0.213372
0.544889 0.164164 0.027653 0.080160 0.183135
0.560757 0.114224 0.034447 0.113477 0.177096
0.570623 0.134674 0.042454 0.066206 0.186043
0.563876 0.141336 0.033029 0.079182 0.182577
0.576042 0.136075 0.033499 0.108098 0.146285
0.555363 0.155323 0.037526 0.070474 0.181314
0.542248 0.160484 0.040791 0.079874 0.176603
0.640207 0.285001 0.036591 0.027988 0.010214
0.632759 0.258522 0.017299 0.046720 0.044700
0.626174 0.238417 0.020492 0.064733 0.050184
0.002763 0.618834 0.012177 0.041291 0.324934
0.000010 0.639753 0.011304 0.053480 0.295453
0.000010 0.655370 0.007153 0.044033 0.293434
0.000010 0.682846 0.009064 0.022707 0.285373
0.000010 0.654343 0.009102 0.036940 0.299605
0.000010 0.659847 0.010930 0.048106 0.281107
0.000010 0.629286 0.010909 0.031886 0.327909
0.027992 0.591955 0.000169 0.076617 0.303267
0.010813 0.611912 0.000010 0.062759 0.314506
0.018492 0.665858 0.001337 0.046579 0.267734
0.000010 0.671957 0.014847 0.024089 0.289096
0.030572 0.636042 0.001924 0.048302 0.283159
0.000010 0.652083 0.000010 0.042698 0.305199
0.008226 0.680756 0.007339 0.040189 0.263489
0.007637 0.650678 0.002883 0.033767 0.305035
0.016747 0.656883 0.000010 0.035471 0.290889
0.000010 0.651270 0.004126 0.041548 0.303046
0.000010 0.622788 0.009928 0.042917 0.324356
0.000010 0.635851 0.000010 0.065732 0.298397
0.015633 0.648736 0.000010 0.034413 0.301208
0.000010 0.653752 0.000010 0.044722 0.301506
0.020135 0.654920 0.000010 0.052524 0.272411
0.000010 0.636904 0.002610 0.029220 0.331257
0.278875 0.610829 0.000010 0.021516 0.088771
0.271783 0.577502 0.007414 0.051413 0.091889
0.232229 0.614820 0.006224 0.063108 0.083619
0.238150 0.647738 0.007211 0.028979 0.077922
0.300268 0.595343 0.005501 0.037938 0.060950
0.277837 0.618935 0.000010 0.022632 0.080585
0.239947 0.591088 0.002253 0.044076 0.122635
0.237079 0.609283 0.000010 0.036878 0.116750
0.264516 0.585735 0.000010 0.057096 0.092642
0.269552 0.622568 0.005468 0.022855 0.079558
0.277398 0.582831 0.000738 0.037233 0.101800
0.265834 0.610195 0.000010 0.054511 0.069450
0.225519 0.700789 0.000552 0.040105 0.033034
0.245609 0.571695 0.000010 0.054076 0.128610
0.292040 0.247183 0.022083 0.044694 0.394000
0.326729 0.228707 0.008703 0.031570 0.404290
0.307498 0.244272 0.007664 0.072942 0.367625
0.279587 0.230728 0.020520 0.056922 0.412242
0.320884 0.255646 0.015538 0.045187 0.362745
0.283909 0.289318 0.013070 0.052932 0.360771
0.304271 0.204051 0.009664 0.093589 0.388425
0.313786 0.252135 0.008828 0.050671 0.374580
0.286168 0.236123 0.010946 0.083305 0.383458
0.293376 0.257999 0.003471 0.065738 0.379416
0.315886 0.270462 0.020045 0.059058 0.334549
0.284164 0.230714 0.022473 0.066565 0.396084
0.303768 0.250534 0.005012 0.067720 0.372966
0.290112 0.243608 0.018815 0.074873 0.372593
0.294922 0.266415 0.010744 0.045778 0.382141
0.311200 0.244447 0.020008 0.044568 0.379777
0.264833 0.205321 0.014977 0.122771 0.392098
0.294071 0.371075 0.005254 0.048441 0.281159
0.296370 0.338251 0.000010 0.018321 0.347048
0.286402 0.346845 0.002595 0.041255 0.322903
0.313897 0.344884 0.000010 0.027570 0.313639
0.261494 0.380311 0.011568 0.006048 0.340579
0.313500 0.388122 0.000010 0.010195 0.288173
0.332348 0.324032 0.000010 0.011461 0.332149
0.317723 0.368740 0.001766 0.010447 0.301324
0.298917 0.361545 0.004838 0.040720 0.293980
0.303479 0.331055 0.010663 0.036505 0.318299
0.293844 0.346170 0.002273 0.018505 0.339207
0.284657 0.376230 0.000010 0.056579 0.282524
0.254015 0.386209 0.000010 0.054809 0.304958
0.267067 0.384648 0.005814 0.043468 0.299003
0.307215 0.388767 0.008222 0.014293 0.281503
0.267466 0.352091 0.000010 0.027021 0.353412
0.235905 0.659598 0.005695 0.004939 0.093864
0.226465 0.617064 0.000501 0.057808 0.098163
0.266591 0.653540 0.005366 0.025574 0.048930
0.241286 0.608804 0.008805 0.006300 0.134804
0.272448 0.599095 0.001080 0.031084 0.096293
0.271656 0.642324 0.000010 0.021537 0.064473
0.241784 0.595844 0.002800 0.033204 0.126367
0.291474 0.607893 0.000010 0.009917 0.090706
0.253229 0.676341 0.002204 0.002116 0.066110
0.252041 0.581103 0.000010 0.057460 0.109386
0.253582 0.632387 0.000010 0.029153 0.084868
0.284329 0.630998 0.000010 0.000010 0.084653
0.240835 0.668616 0.000675 0.030764 0.059109
0.260434 0.613953 0.003187 0.040281 0.082145
0.258333 0.651786 0.015982 0.034189 0.039710
0.227010 0.614232 0.010978 0.010300 0.137479
0.282075 0.651201 0.003954 0.014839 0.047931
0.244364 0.631007 0.005837 0.027961 0.090831
0.251756 0.664629 0.011804 0.000010 0.071801
0.235594 0.662992 0.011923 0.000032 0.089459
0.252397 0.604558 0.000010 0.028532 0.114503
0.227473 0.698051 0.008803 0.000010 0.065663
0.291930 0.412399 0.000010 0.009752 0.285909
0.261809 0.662284 0.008342 0.000010 0.067555
0.257039 0.590659 0.006978 0.037098 0.108226
0.246221 0.593981 0.004639 0.050581 0.104579
0.249689 0.649350 0.000010 0.064787 0.036164
0.222911 0.657500 0.005329 0.002885 0.111376
0.245371 0.600786 0.006516 0.007451 0.139877
0.249664 0.636255 0.003178 0.012212 0.098690
0.254299 0.658795 0.000010 0.062885 0.024010
0.310456 0.537655 0.000010 0.000010 0.151869
0.265353 0.604039 0.000010 0.031014 0.099584
0.262161 0.607553 0.007882 0.022804 0.099600
0.245096 0.612661 0.000010 0.075076 0.067157
0.309990 0.599883 0.000692 0.029190 0.060245
0.235710 0.601117 0.003383 0.039231 0.120559
0.299138 0.615273 0.000911 0.010208 0.074469
0.243173 0.662702 0.002169 0.017452 0.074503
0.230732 0.625836 0.002119 0.008998 0.132315
0.271182 0.645898 0.001351 0.000368 0.081202
0.243451 0.603134 0.000010 0.027265 0.126140
0.254759 0.625124 0.003326 0.004508 0.112282
0.321718 0.147387 0.002735 0.000010 0.528151
0.335148 0.192316 0.003997 0.000010 0.468529
0.315435 0.211033 0.005167 0.001127 0.467238
0.302875 0.202409 0.014923 0.000010 0.479783
0.283805 0.202264 0.006091 0.000010 0.507831
0.347396 0.179791 0.001819 0.000010 0.470984
0.306279 0.143315 0.002451 0.000010 0.547945
0.337764 0.195837 0.001296 0.000010 0.465093
0.294585 0.211175 0.000010 0.000010 0.494221
0.295724 0.200521 0.001231 0.010254 0.492270
0.315844 0.125163 0.000010 0.000010 0.558973
0.323362 0.204346 0.001039 0.000010 0.471242
0.301474 0.213938 0.003656 0.028824 0.452108
0.307967 0.203788 0.003239 0.000010 0.484996
0.330570 0.202759 0.011224 0.034480 0.420967
0.348507 0.238032 0.008394 0.011672 0.393394
0.358195 0.316953 0.009395 0.030362 0.285095
0.329027 0.177084 0.009965 0.008921 0.475003
0.297245 0.252883 0.003471 0.000010 0.446391
0.358356 0.023120 0.043541 0.192525 0.382458
0.632789 0.159602 0.087665 0.068078 0.051866
0.356743 0.034263 0.027814 0.161154 0.420026
0.666225 0.174063 0.099509 0.060193 0.000010
0.223975 0.011147 0.000010 0.549278 0.215590
0.000010 0.000010 0.000010 0.999960 0.000010
0.234778 0.009737 0.019282 0.484110 0.252092
0.160170 0.007240 0.000010 0.660173 0.172406
0.193203 0.025416 0.018424 0.551246 0.211711
0.398759 0.022191 0.039062 0.150150 0.389839
0.268830 0.000010 0.017669 0.437306 0.276185
0.145571 0.000010 0.016989 0.691727 0.145703
0.363710 0.045038 0.033373 0.211140 0.346739
0.000010 0.000010 0.000010 0.999960 0.000010
0.122779 0.000010 0.000010 0.831256 0.045945
0.305442 0.030451 0.034198 0.350995 0.278915
0.229843 0.037478 0.007934 0.504426 0.220319
0.184390 0.006794 0.024687 0.625328 0.158800
0.109939 0.017258 0.014204 0.717296 0.141303
0.041638 0.000010 0.000010 0.870172 0.088170
0.000010 0.000010 0.000010 0.999960 0.000010
0.383132 0.052127 0.082332 0.085744 0.396665
0.144596 0.013231 0.015185 0.684410 0.142578
0.267475 0.012191 0.036397 0.363724 0.320213
0.388276 0.043247 0.031721 0.112894 0.423863
0.311407 0.056289 0.029367 0.319149 0.283789
0.000010 0.000010 0.000010 0.999960 0.000010
0.266537 0.026484 0.033380 0.380283 0.293316
0.000010 0.000010 0.000010 0.999960 0.000010
0.333175 0.039713 0.031412 0.297098 0.298602
0.258210 0.047734 0.033840 0.387138 0.273079
0.370309 0.070313 0.030688 0.175252 0.353438
0.012997 0.000010 0.000010 0.924461 0.062522
0.000010 0.000010 0.000010 0.999960 0.000010
0.110679 0.020118 0.000010 0.752566 0.116627
0.256654 0.000010 0.019479 0.441331 0.282526
0.174217 0.041673 0.008014 0.653189 0.122908
0.363439 0.017959 0.028274 0.203395 0.386933
0.254825 0.010528 0.022766 0.458563 0.253318
0.209566 0.029799 0.000010 0.596346 0.164279
0.364672 0.010797 0.020575 0.155005 0.448951
0.204805 0.000010 0.021538 0.550755 0.222892
0.393865 0.052982 0.017139 0.172430 0.363585
0.000010 0.000010 0.000010 0.999960 0.000010
0.243098 0.023399 0.032174 0.388404 0.312926
0.276502 0.253519 0.022278 0.053858 0.393843
0.269360 0.254741 0.029798 0.065424 0.380676
0.252688 0.263044 0.026475 0.067530 0.390262
0.273380 0.259709 0.020010 0.058376 0.388526
0.282593 0.247799 0.020536 0.092316 0.356756
0.247117 0.278208 0.018897 0.052650 0.403128
0.264470 0.270286 0.022769 0.067028 0.375447
0.262311 0.289488 0.024175 0.049134 0.374891
0.283399 0.306047 0.022058 0.039794 0.348702
0.285562 0.268537 0.018533 0.068502 0.358867
0.281733 0.273557 0.026750 0.063260 0.354700
0.275833 0.250021 0.021976 0.021675 0.430495
0.285812 0.273294 0.019482 0.058677 0.362735
0.346776 0.181150 0.005817 0.000010 0.466247
0.291004 0.285669 0.001760 0.000720 0.420846
0.312380 0.306656 0.007893 0.000010 0.373061
0.300889 0.308745 0.004374 0.000010 0.385981
0.299704 0.332922 0.011020 0.017327 0.339028
0.330355 0.306595 0.000010 0.006085 0.356955
0.325763 0.291939 0.011668 0.000010 0.370620
0.274447 0.361446 0.002654 0.048025 0.313428
0.286657 0.403833 0.003402 0.001180 0.304927
0.286656 0.333872 0.000234 0.010751 0.368488
0.330879 0.347928 0.005543 0.017179 0.298471
0.320445 0.331018 0.005179 0.000010 0.343348
0.303583 0.302442 0.000010 0.000010 0.393955
0.305353 0.353285 0.000010 0.021440 0.319912
0.311708 0.333655 0.008287 0.042683 0.303666
0.302042 0.277225 0.004780 0.040542 0.375411
0.311678 0.337570 0.011241 0.002168 0.337343
0.296232 0.348320 0.000010 0.031809 0.323629
0.288673 0.322557 0.007180 0.036862 0.344728
0.287697 0.287481 0.000010 0.015344 0.409468
0.309651 0.329650 0.014973 0.006985 0.338741
0.274586 0.318083 0.002723 0.000010 0.404598
0.298925 0.317075 0.015036 0.000010 0.368953
0.313317 0.350218 0.000010 0.020749 0.315706
0.322906 0.371956 0.005875 0.049264 0.250000
0.286346 0.360923 0.014939 0.032019 0.305773
0.302345 0.318133 0.019355 0.031590 0.328578
0.261547 0.336912 0.033634 0.059763 0.308144
0.278669 0.381830 0.000010 0.018311 0.321180
0.281346 0.329160 0.008572 0.043596 0.337327
0.298503 0.373037 0.013311 0.001916 0.313234
0.259852 0.380599 0.000010 0.049165 0.310375
0.308441 0.343342 0.000010 0.062591 0.285616
0.273769 0.329329 0.000010 0.013221 0.383671
0.287750 0.386689 0.000917 0.052446 0.272197
0.274733 0.347980 0.003943 0.058836 0.314508
0.284823 0.351255 0.016110 0.040186 0.307626
0.316695 0.290833 0.000010 0.026531 0.365932
0.276183 0.366013 0.006241 0.025804 0.325760
0.283311 0.366491 0.001999 0.025123 0.323077
0.292603 0.336320 0.017244 0.051937 0.301896
0.301799 0.327745 0.000782 0.034598 0.335076
0.285037 0.356084 0.014592 0.045407 0.298880
0.324317 0.353047 0.007755 0.021609 0.293271
0.260651 0.437426 0.000010 0.022581 0.279332
0.193504 0.647078 0.000010 0.030238 0.129169
0.161180 0.588688 0.005337 0.027818 0.216976
0.153863 0.610277 0.009260 0.051860 0.174741
0.168309 0.611475 0.014144 0.045167 0.160904
0.178207 0.650867 0.006150 0.038692 0.126084
0.192904 0.580421 0.008958 0.036582 0.181135
0.172389 0.630480 0.015092 0.010306 0.171732
0.125361 0.666816 0.006448 0.040329 0.161046
0.201799 0.695403 0.008686 0.043992 0.050120
0.210046 0.513764 0.022370 0.043383 0.210437
0.157888 0.586634 0.002606 0.055548 0.197324
0.172448 0.612633 0.000010 0.017696 0.197213
0.160437 0.662581 0.000010 0.041951 0.135021
0.131147 0.617293 0.004019 0.058355 0.189186
0.173655 0.606937 0.013091 0.020027 0.186291
0.199745 0.655239 0.000010 0.035573 0.109433
0.166426 0.638103 0.009212 0.035004 0.151255
0.195888 0.643676 0.011389 0.028061 0.120987
0.182026 0.603228 0.000010 0.071646 0.143090
0.196615 0.583080 0.000010 0.023868 0.196428
0.210694 0.677761 0.000010 0.033172 0.078364
0.171395 0.656649 0.003622 0.030042 0.138292
0.210022 0.683462 0.000599 0.020642 0.085275
0.184224 0.557902 0.006005 0.012556 0.239314
0.176889 0.600976 0.001089 0.029557 0.191488
0.194241 0.587049 0.004520 0.012632 0.201557
0.164276 0.615742 0.015038 0.012855 0.192089
0.649042 0.070168 0.006895 0.017778 0.256116
0.641946 0.063576 0.000010 0.065859 0.228609
0.592912 0.110110 0.000668 0.060732 0.235579
0.580583 0.089163 0.003413 0.047645 0.279197
0.617091 0.124884 0.000010 0.074632 0.183384
0.685813 0.070936 0.002010 0.035660 0.205582
0.646539 0.095477 0.000010 0.025039 0.232935
0.674960 0.075499 0.000840 0.025748 0.222954
0.694406 0.122241 0.000010 0.050488 0.132855
0.655714 0.112449 0.000010 0.081582 0.150246
0.641299 0.103930 0.000010 0.037431 0.217330
0.676719 0.077339 0.000010 0.020077 0.225855
0.675521 0.105536 0.000010 0.022080 0.196852
0.662384 0.065212 0.000588 0.055598 0.216219
0.687953 0.075784 0.006409 0.022515 0.207338
0.662694 0.121351 0.000010 0.043273 0.172671
0.659767 0.137293 0.000010 0.035935 0.166995
0.689878 0.089561 0.000010 0.031626 0.188925
0.676051 0.135043 0.007425 0.002782 0.178699
0.675380 0.087881 0.000010 0.000010 0.236719
0.699355 0.122464 0.000010 0.016981 0.161189
0.587827 0.193102 0.008763 0.084920 0.125388
0.676560 0.092878 0.000010 0.075685 0.154868
0.581750 0.281908 0.001327 0.023412 0.111603
0.682518 0.108542 0.000010 0.041788 0.167142
0.676795 0.131080 0.000010 0.028608 0.163507
0.682813 0.071760 0.000010 0.028652 0.216765
0.704647 0.118888 0.002207 0.039097 0.135162
0.575189 0.262990 0.005910 0.000010 0.155901
0.208256 0.672878 0.007435 0.048128 0.063303
0.208051 0.719576 0.004571 0.000010 0.067792
0.205855 0.754095 0.007241 0.032331 0.000478
0.232100 0.679840 0.000771 0.035297 0.051993
0.235210 0.728967 0.000010 0.024954 0.010859
0.214428 0.747853 0.000010 0.037698 0.000010
0.231102 0.714058 0.001020 0.000010 0.053810
0.220543 0.741210 0.005292 0.031783 0.001172
0.205673 0.737121 0.002670 0.026869 0.027666
0.221575 0.666635 0.007478 0.018873 0.085440
0.277178 0.699585 0.004417 0.018810 0.000010
0.252084 0.722438 0.000010 0.020863 0.004606
0.225058 0.746495 0.008899 0.007938 0.011610
0.222076 0.745384 0.008310 0.019257 0.004973
0.263693 0.729476 0.006811 0.000010 0.000010
0.230322 0.720556 0.006306 0.032312 0.010504
0.220964 0.719828 0.005466 0.027508 0.026233
0.233695 0.689252 0.010300 0.013224 0.053530
0.244029 0.697111 0.000074 0.030719 0.028067
0.204234 0.734954 0.002996 0.057806 0.000010
0.235005 0.728976 0.000010 0.000010 0.035999
0.258965 0.676028 0.000010 0.006210 0.058788
0.214271 0.652840 0.004919 0.051991 0.075979
0.209016 0.672024 0.005195 0.025430 0.088334
0.202819 0.706918 0.004242 0.043167 0.042854
0.240225 0.683765 0.004842 0.044207 0.026960
0.210867 0.764320 0.006821 0.017982 0.000010
0.216678 0.698338 0.008827 0.016256 0.059901
0.232749 0.613683 0.004988 0.000010 0.148570
0.226012 0.761583 0.001464 0.008541 0.002400
0.180435 0.739644 0.000010 0.066488 0.013423
0.212145 0.713521 0.001640 0.018161 0.054532
0.216277 0.684070 0.000010 0.017512 0.082131
0.237022 0.665100 0.007450 0.019857 0.070570
0.270219 0.338179 0.003655 0.050241 0.337706
0.309916 0.261206 0.007970 0.030988 0.389920
0.326235 0.310580 0.000010 0.043008 0.320166
0.255617 0.364502 0.003522 0.058140 0.318220
0.314424 0.359710 0.000010 0.009332 0.316523
0.305404 0.357775 0.000492 0.000010 0.336320
0.278764 0.390896 0.005802 0.017131 0.307407
0.285337 0.371464 0.003819 0.041339 0.298040
0.246198 0.380199 0.000010 0.059718 0.313875
0.285456 0.397938 0.008143 0.025271 0.283192
0.308738 0.327771 0.000010 0.025374 0.338107
0.268713 0.405758 0.000010 0.005223 0.320295
0.264424 0.345027 0.004795 0.048578 0.337176
0.291442 0.309691 0.000010 0.053377 0.345479
0.241386 0.385856 0.005095 0.057050 0.310613
0.260108 0.391409 0.009790 0.018957 0.319736
0.333666 0.265002 0.012124 0.034110 0.355098
0.382350 0.248028 0.000010 0.046186 0.323426
0.308987 0.255385 0.000010 0.080410 0.355208
0.278594 0.375868 0.000010 0.041795 0.303732
0.330461 0.371623 0.008305 0.045102 0.244509
0.292375 0.359184 0.002811 0.026485 0.319145
0.321712 0.253026 0.006052 0.069013 0.350196
0.329281 0.305415 0.000010 0.043524 0.321770
0.287971 0.412790 0.000010 0.024291 0.274938
0.262658 0.401689 0.002761 0.038024 0.294867
0.330917 0.328187 0.003331 0.047025 0.290540
0.291330 0.292139 0.000833 0.064834 0.350864
0.293858 0.414175 0.000231 0.008992 0.282743
0.313094 0.274387 0.005874 0.068626 0.338019
0.530119 0.057017 0.001152 0.075258 0.336454
0.297717 0.470550 0.011180 0.008650 0.211903
0.314979 0.448752 0.000010 0.049067 0.187191
0.268358 0.447835 0.000010 0.054447 0.229350
0.367641 0.236924 0.000010 0.056660 0.338765
0.322429 0.287024 0.019610 0.045533 0.325404
0.293341 0.441261 0.004115 0.023089 0.238195
0.280383 0.394242 0.001880 0.031010 0.292485
0.275723 0.397829 0.008836 0.037585 0.280027
0.307531 0.337743 0.000010 0.036349 0.318367
0.301304 0.374321 0.001805 0.042631 0.279939
0.341073 0.337055 0.022868 0.071390 0.227615
0.307121 0.351265 0.005890 0.015920 0.319805
0.292538 0.307833 0.006801 0.000010 0.392818
0.282670 0.324178 0.006565 0.075413 0.311174
0.343244 0.361612 0.004019 0.000010 0.291115
0.270494 0.378257 0.000010 0.070696 0.280542
0.274832 0.402118 0.006242 0.036797 0.280011
0.272662 0.417135 0.000304 0.028417 0.281482
0.283602 0.399171 0.004032 0.039072 0.274122
0.288057 0.398681 0.007519 0.012252 0.293491
0.260011 0.463140 0.000551 0.039052 0.237246
0.263848 0.423270 0.007476 0.034959 0.270447
0.244628 0.423953 0.000010 0.037486 0.293923
0.284280 0.355511 0.003360 0.038268 0.318581
0.271656 0.406341 0.005025 0.064052 0.252927
0.239013 0.652413 0.001938 0.052907 0.053729
0.246605 0.625617 0.016230 0.007497 0.104051
0.290630 0.639919 0.010697 0.029096 0.029659
0.221411 0.697885 0.000010 0.030963 0.049731
0.234777 0.645818 0.004833 0.033186 0.081387
0.239734 0.656459 0.010396 0.000010 0.093401
0.232441 0.635399 0.005804 0.033688 0.092668
0.258005 0.641991 0.013275 0.038884 0.047845
0.231072 0.626613 0.005609 0.028495 0.108212
0.221411 0.627004 0.001865 0.054640 0.095080
0.253108 0.654189 0.000836 0.027478 0.064389
0.272615 0.601278 0.004069 0.000010 0.122028
0.233408 0.678172 0.015177 0.073233 0.000010
0.256658 0.668480 0.011630 0.046109 0.017124
0.271800 0.662786 0.004023 0.022314 0.039078
0.219470 0.682973 0.007505 0.048951 0.041101
0.242864 0.678782 0.008118 0.024777 0.045459
0.258913 0.628564 0.008910 0.036151 0.067463
0.226025 0.663238 0.009374 0.071506 0.029856
0.107424 0.522439 0.028710 0.006283 0.335144
0.096931 0.502271 0.019058 0.050712 0.331029
0.083955 0.544687 0.018828 0.067054 0.285476
0.133620 0.510154 0.025678 0.053855 0.276693
0.077224 0.598288 0.009002 0.080735 0.234751
0.047025 0.617814 0.007596 0.060198 0.267367
0.069327 0.629484 0.015756 0.038485 0.246948
0.054226 0.652650 0.001136 0.036827 0.255161
0.137681 0.512660 0.018842 0.020096 0.310721
0.113886 0.527337 0.026296 0.050814 0.281666
0.102037 0.544280 0.028889 0.057586 0.267208
0.132931 0.568065 0.014695 0.030610 0.253699
0.091029 0.529413 0.031547 0.066445 0.281566
0.140588 0.556729 0.023541 0.003662 0.275481
0.103292 0.529592 0.017345 0.033666 0.316106
0.067246 0.540992 0.005197 0.071791 0.314774
0.106572 0.558191 0.018027 0.026439 0.290771
0.115151 0.489208 0.030780 0.036499 0.328362
0.176053 0.509906 0.022069 0.000010 0.291962
0.107590 0.537969 0.017179 0.056507 0.280756
0.114959 0.527944 0.026982 0.087118 0.242997
0.154485 0.479360 0.026526 0.019650 0.319978
0.140085 0.502113 0.024151 0.033332 0.300319
0.138437 0.501278 0.025740 0.013989 0.320556
0.141234 0.469237 0.018838 0.059728 0.310963
0.094466 0.422659 0.053839 0.064770 0.364266
0.159624 0.482444 0.006127 0.037165 0.314640
0.148955 0.548350 0.039909 0.045851 0.216935
0.110219 0.508148 0.048162 0.039033 0.294438
0.115873 0.554236 0.020493 0.017060 0.292338
0.047352 0.555447 0.012902 0.106688 0.277611
0.128420 0.533892 0.019337 0.022580 0.295770
0.106508 0.553216 0.017788 0.039020 0.283468
0.095967 0.524389 0.006425 0.041241 0.331978
0.140369 0.534806 0.038896 0.006940 0.278989
0.111042 0.468200 0.052493 0.045554 0.322712
0.102714 0.485653 0.022758 0.064208 0.324666
0.030735 0.628120 0.002485 0.046023 0.292638
0.138600 0.501191 0.033408 0.028465 0.298336
0.121361 0.479054 0.026283 0.026413 0.346889
0.085857 0.548879 0.032026 0.054209 0.279029
0.131281 0.515752 0.033337 0.015280 0.304350
0.125564 0.521896 0.026500 0.061054 0.264986
0.104273 0.564846 0.012431 0.008002 0.310448
0.113169 0.509012 0.018123 0.058257 0.301439
0.112366 0.494815 0.025488 0.094922 0.272410
0.067267 0.546259 0.013779 0.068851 0.303844
0.094349 0.550347 0.015355 0.043041 0.296908
0.122631 0.549077 0.005901 0.029277 0.293114
0.146030 0.566600 0.002801 0.011741 0.272828
0.066543 0.537983 0.020518 0.081304 0.293652
0.115229 0.485807 0.030867 0.070757 0.297340
0.144121 0.541794 0.009902 0.031744 0.272438
0.130402 0.560296 0.013535 0.044124 0.251643
0.134632 0.527867 0.014669 0.020875 0.301957
0.145835 0.546759 0.004811 0.031145 0.271450
0.162197 0.548254 0.006225 0.003663 0.279662
0.121281 0.480454 0.027580 0.057961 0.312724
0.140716 0.524226 0.010304 0.031455 0.293299
0.130225 0.528219 0.040359 0.025530 0.275667
0.465275 0.025671 0.162149 0.076150 0.270756
0.575752 0.132549 0.038624 0.101904 0.151172
0.602593 0.104698 0.043352 0.084135 0.165222
0.575856 0.118283 0.031156 0.089274 0.185431
0.560818 0.083878 0.051388 0.078554 0.225362
0.467138 0.074261 0.083181 0.132288 0.243132
0.501571 0.093854 0.172084 0.083973 0.148518
0.554340 0.189846 0.024160 0.114384 0.117269
0.537326 0.098944 0.077325 0.097126 0.189279
0.589997 0.131382 0.043380 0.092453 0.142789
0.576171 0.087688 0.036278 0.099045 0.200817
0.412741 0.055828 0.106811 0.111988 0.312632
0.601962 0.145772 0.031729 0.063789 0.156749
0.572910 0.073018 0.050970 0.103111 0.199990
0.600888 0.127594 0.039301 0.062605 0.169613
0.592976 0.118900 0.058783 0.056486 0.172854
0.593160 0.126622 0.043281 0.052390 0.184547
0.531437 0.163643 0.045196 0.091159 0.168565
0.552602 0.137138 0.052177 0.080896 0.177187
0.379143 0.000010 0.110587 0.088209 0.422052
0.405650 0.036194 0.078665 0.093597 0.385894
0.385012 0.010864 0.085866 0.116407 0.401851
0.350693 0.057312 0.099125 0.078168 0.414701
0.366991 0.000010 0.093626 0.108451 0.430922
0.361312 0.026610 0.103293 0.115010 0.393775
0.417515 0.037491 0.078450 0.096742 0.369803
0.408192 0.036836 0.089683 0.102173 0.363116
0.189706 0.000010 0.545667 0.047495 0.217122
0.362666 0.025123 0.079610 0.070927 0.461674
0.360058 0.000010 0.126789 0.078145 0.434998
0.336674 0.049197 0.101958 0.137492 0.374680
0.439592 0.065116 0.080238 0.095355 0.319700
0.353807 0.014166 0.070369 0.117439 0.444219
0.361604 0.028350 0.103269 0.119933 0.386843
0.431128 0.016041 0.070591 0.093701 0.388539
0.369559 0.000010 0.088749 0.139413 0.402269
0.383154 0.036659 0.087720 0.070115 0.422351
0.390227 0.004565 0.079626 0.086409 0.439173
0.374334 0.026230 0.089841 0.116451 0.393143
0.266058 0.433177 0.000010 0.030704 0.270051
0.268017 0.435602 0.000010 0.009569 0.286802
0.284572 0.403014 0.000010 0.018888 0.293516
0.292014 0.414569 0.008937 0.000010 0.284470
0.302792 0.437543 0.003523 0.013832 0.242309
0.247599 0.480638 0.000010 0.007982 0.263771
0.269079 0.424254 0.004614 0.000010 0.302043
0.278852 0.433183 0.000010 0.006899 0.281055
0.280614 0.429083 0.000010 0.029420 0.260873
0.612289 0.327207 0.020069 0.040426 0.000010
0.634909 0.299128 0.014880 0.040305 0.010779
0.543578 0.341411 0.019221 0.062706 0.033085
0.301599 0.334535 0.002529 0.000010 0.361327
0.267174 0.352843 0.010706 0.013627 0.355650
0.287008 0.348728 0.000010 0.039694 0.324561
0.335481 0.288687 0.003804 0.040361 0.331667
0.285103 0.347858 0.014559 0.033050 0.319431
0.275876 0.369419 0.002118 0.000010 0.352577
0.286488 0.362459 0.001130 0.025443 0.324479
0.251784 0.420017 0.004176 0.005893 0.318131
0.292340 0.263606 0.076590 0.035165 0.332298
0.335372 0.317396 0.005288 0.006085 0.335859
0.289195 0.283937 0.008023 0.041926 0.376918
0.321059 0.293799 0.000572 0.041736 0.342835
0.323255 0.308986 0.000010 0.011502 0.356247
0.273818 0.389702 0.000010 0.036500 0.299970
0.304963 0.377171 0.002815 0.050829 0.264222
0.256821 0.367185 0.003937 0.020964 0.351093
0.328724 0.362293 0.007174 0.019637 0.282172
0.305604 0.367158 0.013811 0.007810 0.305617
0.291683 0.296203 0.015455 0.033510 0.363149
0.313325 0.260421 0.000010 0.045584 0.380660
0.326427 0.272303 0.004347 0.000010 0.396913
0.298978 0.318928 0.009135 0.017100 0.355859
0.401879 0.043706 0.048181 0.098707 0.407528
0.415093 0.082001 0.048811 0.079408 0.374687
0.437662 0.099260 0.050653 0.117968 0.294457
0.656188 0.297686 0.010676 0.035440 0.000010
0.646101 0.296301 0.012716 0.044872 0.000010
0.659510 0.299961 0.009193 0.023520 0.007816
0.662646 0.277313 0.003325 0.056707 0.000010
0.660661 0.287280 0.015741 0.023176 0.013142
0.683264 0.287174 0.000010 0.029543 0.000010
0.646848 0.310264 0.014815 0.027338 0.000736
0.621639 0.298026 0.016147 0.058731 0.005457
0.656075 0.314529 0.011819 0.017567 0.000010
0.672280 0.280772 0.007671 0.039267 0.000010
0.640781 0.293284 0.009498 0.038836 0.017601
0.655467 0.283517 0.013483 0.047523 0.000010
0.632034 0.301509 0.007961 0.058486 0.000010
0.639502 0.276718 0.017287 0.055053 0.011441
0.660709 0.271927 0.017798 0.049555 0.000010
0.647758 0.324071 0.011524 0.016637 0.000010
0.659451 0.310839 0.006243 0.023456 0.000010
0.667738 0.290695 0.013610 0.027946 0.000010
0.632774 0.325469 0.009973 0.031775 0.000010
0.191620 0.495941 0.000537 0.053451 0.258451
0.166667 0.502604 0.000010 0.015068 0.315650
0.185286 0.466038 0.008922 0.048651 0.291102
0.171598 0.459081 0.006158 0.061671 0.301492
0.168400 0.461471 0.013200 0.055807 0.301122
0.193810 0.453697 0.010742 0.022605 0.319146
0.181628 0.470428 0.000010 0.049557 0.298377
0.182376 0.469843 0.000010 0.042397 0.305375
0.235955 0.423215 0.000010 0.016891 0.323929
0.155947 0.481994 0.000010 0.058887 0.303162
0.170496 0.452137 0.005050 0.038854 0.333463
0.169959 0.452252 0.000010 0.030169 0.347610
0.276239 0.450670 0.006438 0.021432 0.245222
0.266961 0.602547 0.000010 0.030914 0.099569
0.290835 0.521241 0.007746 0.019364 0.160813
0.271566 0.545595 0.005320 0.044937 0.132582
0.254376 0.453516 0.000010 0.040556 0.251541
0.235445 0.513776 0.000941 0.073780 0.176058
0.248311 0.484711 0.001235 0.063112 0.202631
0.300618 0.500365 0.003765 0.016729 0.178523
0.261172 0.541383 0.000192 0.043269 0.153983
0.255290 0.492930 0.002996 0.051430 0.197354
0.307883 0.494267 0.000630 0.025929 0.171290
0.273285 0.501060 0.009145 0.057906 0.158604
0.250018 0.525625 0.005463 0.062225 0.156668
0.272307 0.528004 0.013384 0.005237 0.181068
0.278844 0.365545 0.009798 0.028539 0.317274
0.302477 0.423770 0.004312 0.012664 0.256777
0.347131 0.309175 0.012861 0.031297 0.299536
0.306753 0.325244 0.000010 0.025916 0.342077
0.279012 0.327373 0.001749 0.061385 0.330480
0.262774 0.396633 0.000010 0.030135 0.310448
0.315277 0.351084 0.009991 0.036523 0.287125
0.234962 0.377822 0.000526 0.041646 0.345044
0.274743 0.368244 0.006881 0.035475 0.314657
0.265533 0.405021 0.001403 0.035589 0.292455
0.304989 0.356254 0.006462 0.034474 0.297822
0.268891 0.371500 0.010642 0.012454 0.336513
0.292661 0.372883 0.006665 0.004751 0.323040
0.291647 0.339426 0.000010 0.042792 0.326125
0.303414 0.347711 0.000010 0.033521 0.315344
0.266583 0.362519 0.004517 0.062499 0.303882
0.320037 0.313671 0.006063 0.003043 0.357187
0.300498 0.344414 0.003186 0.000010 0.351893
0.295031 0.339619 0.005928 0.060716 0.298706
0.300015 0.350687 0.005829 0.014637 0.328831
0.278957 0.370776 0.009175 0.036049 0.305044
0.271474 0.372437 0.000010 0.033190 0.322889
0.291104 0.372883 0.000156 0.032890 0.302967
0.293873 0.360382 0.002520 0.062895 0.280330
0.344667 0.365586 0.011843 0.027465 0.250440
0.282392 0.527557 0.000469 0.000010 0.189572
0.272846 0.598806 0.001326 0.000010 0.127012
0.253879 0.604075 0.005991 0.049282 0.086773
0.221682 0.562059 0.000561 0.016631 0.199067
0.263849 0.570785 0.005978 0.063839 0.095549
0.290564 0.559310 0.000010 0.005278 0.144838
0.247254 0.548460 0.004117 0.031272 0.168898
0.306344 0.494503 0.000010 0.000010 0.199133
0.269985 0.539223 0.000010 0.001954 0.188828
0.236568 0.541968 0.000010 0.005675 0.215778
0.268610 0.549875 0.000010 0.052627 0.128878
0.233269 0.554276 0.000010 0.040724 0.171721
0.263846 0.550408 0.000010 0.000010 0.185726
0.275870 0.516761 0.002981 0.000010 0.204378
0.327478 0.312456 0.000010 0.015616 0.344441
0.268275 0.344620 0.000010 0.037618 0.349477
0.300521 0.321269 0.000010 0.007826 0.370373
0.307192 0.288794 0.000010 0.030330 0.373674
0.289297 0.300416 0.012109 0.039990 0.358188
0.322793 0.304013 0.000010 0.025407 0.347777
0.295517 0.348739 0.000010 0.009063 0.346671
0.314649 0.298212 0.000010 0.002112 0.385017
0.289369 0.325260 0.008393 0.015325 0.361653
0.643322 0.219418 0.016976 0.039239 0.081045
0.647752 0.248833 0.019268 0.063038 0.021108
0.617472 0.225426 0.017787 0.043182 0.096134
0.388028 0.029672 0.027275 0.095239 0.459786
0.386955 0.017587 0.023102 0.094093 0.478262
0.378897 0.000010 0.085332 0.073456 0.462305
0.355363 0.000010 0.087408 0.090550 0.466669
0.354460 0.000010 0.084459 0.071058 0.490013
0.385939 0.000010 0.083351 0.058611 0.472089
0.380499 0.000010 0.071820 0.078367 0.469304
0.380820 0.000010 0.113858 0.085864 0.419448
0.385239 0.000010 0.103205 0.091610 0.419936
0.348509 0.027460 0.091071 0.094658 0.438302
0.330904 0.000010 0.126870 0.086436 0.455780
0.340601 0.024557 0.108323 0.091472 0.435046
0.369210 0.000010 0.066369 0.086464 0.477947
0.373518 0.000010 0.084939 0.115768 0.425765
0.347194 0.000010 0.087307 0.103701 0.461788
0.335228 0.000010 0.104388 0.108201 0.452173
0.307827 0.000010 0.206365 0.064596 0.421202
0.377889 0.000010 0.079797 0.089522 0.452783
0.411646 0.000010 0.077430 0.078134 0.432780
0.405230 0.000010 0.084122 0.067915 0.442722
0.355099 0.000010 0.083415 0.076648 0.484827
0.349130 0.019562 0.100539 0.078422 0.452346
0.339024 0.030372 0.093351 0.083768 0.453486
0.380789 0.034924 0.089890 0.089576 0.404821
0.333245 0.034074 0.128654 0.093549 0.410478
0.373759 0.000010 0.085532 0.091581 0.449119
0.376832 0.000010 0.071679 0.104096 0.447384
0.387261 0.000010 0.096741 0.097521 0.418467
0.366660 0.000010 0.074695 0.095688 0.462947
0.353708 0.000010 0.095115 0.091374 0.459793
0.406475 0.003050 0.071485 0.066788 0.452202
0.285593 0.000010 0.123368 0.131811 0.459218
0.337409 0.000010 0.074332 0.078310 0.509939
0.365116 0.000010 0.088318 0.070707 0.475849
0.360861 0.000010 0.080067 0.134878 0.424183
0.350775 0.000010 0.090865 0.061700 0.496650
0.394239 0.000010 0.078184 0.094705 0.432862
0.355346 0.000010 0.072812 0.069682 0.502151
0.297268 0.010768 0.167570 0.089857 0.434537
0.375275 0.000010 0.116659 0.102518 0.405538
0.364054 0.000010 0.079573 0.070194 0.486169
0.351172 0.047404 0.099460 0.108304 0.393660
0.318895 0.000010 0.161041 0.109623 0.410431
0.382792 0.000010 0.083627 0.135415 0.398155
0.336637 0.000010 0.103389 0.083992 0.475972
0.290119 0.301044 0.004702 0.035929 0.368206
0.249874 0.275953 0.001641 0.063066 0.409466
0.270293 0.320931 0.004737 0.054175 0.349864
0.272187 0.290596 0.008228 0.032892 0.396097
0.309125 0.248122 0.000010 0.012952 0.429791
0.318568 0.232714 0.012995 0.005209 0.430513
0.327051 0.234709 0.000010 0.009603 0.428627
0.261217 0.310841 0.007080 0.047022 0.373841
0.299316 0.299994 0.015235 0.038523 0.346932
0.313004 0.302856 0.000048 0.074509 0.309582
0.330613 0.232586 0.000010 0.037017 0.399774
0.324735 0.271426 0.001686 0.008795 0.393359
0.285925 0.296228 0.005828 0.069996 0.342023
0.274783 0.284532 0.017169 0.062730 0.360786
0.288556 0.268424 0.006919 0.061706 0.374396
0.275142 0.263319 0.022982 0.076644 0.361912
0.276551 0.315270 0.008689 0.032353 0.367136
0.290583 0.329892 0.005836 0.039171 0.334518
0.268771 0.293708 0.009898 0.065635 0.361988
0.285669 0.293573 0.015984 0.041867 0.362908
0.286022 0.307256 0.009227 0.056293 0.341203
0.275534 0.296350 0.007642 0.063219 0.357255
0.260958 0.353558 0.009801 0.026713 0.348971
0.275178 0.297672 0.011790 0.038723 0.376637
0.291757 0.270148 0.009642 0.029165 0.399288
0.351790 0.267134 0.000065 0.028031 0.352979
0.249339 0.341262 0.008316 0.058290 0.342793
0.297458 0.279157 0.010680 0.074418 0.338286
0.268807 0.262501 0.019683 0.013546 0.435463
0.274922 0.307804 0.013709 0.022445 0.381121
0.304623 0.286485 0.012745 0.034815 0.361332
0.314482 0.308340 0.006989 0.034289 0.335900
0.330960 0.253137 0.000430 0.040272 0.375201
0.325624 0.288555 0.008413 0.002864 0.374544
0.288441 0.282741 0.012743 0.043288 0.372787
0.300643 0.310992 0.013062 0.032799 0.342504
0.276495 0.301277 0.010660 0.062021 0.349547
0.288318 0.292266 0.010668 0.016883 0.391865
0.287157 0.317413 0.001091 0.058965 0.335374
0.292900 0.269783 0.009918 0.065090 0.362309
0.296998 0.245461 0.008105 0.070258 0.379178
0.273512 0.300377 0.018404 0.037464 0.370243
0.301411 0.279322 0.017661 0.020934 0.380671
0.257299 0.286922 0.010501 0.042769 0.402508
0.308868 0.274445 0.015408 0.044059 0.357219
0.260554 0.308132 0.008670 0.064037 0.358607
0.267700 0.329147 0.031117 0.043622 0.328415
0.285793 0.357202 0.006765 0.051046 0.299194
0.301527 0.287323 0.016107 0.031408 0.363634
0.286352 0.297812 0.018088 0.050200 0.347548
0.231939 0.396192 0.005403 0.055824 0.310642
0.307779 0.299958 0.005794 0.055202 0.331267
0.291723 0.327161 0.000010 0.030196 0.350910
0.282506 0.303538 0.017617 0.062889 0.333450
0.317748 0.507603 0.096532 0.058076 0.020041
0.261208 0.338492 0.013984 0.065433 0.320883
0.342806 0.262722 0.013664 0.027879 0.352929
0.283364 0.289194 0.000046 0.090012 0.337384
0.288142 0.249303 0.002540 0.103087 0.356929
0.307517 0.235068 0.016485 0.041236 0.399694
0.264338 0.323058 0.000010 0.055982 0.356612
0.000010 0.324639 0.004624 0.004922 0.665805
0.000010 0.323008 0.000010 0.055910 0.621062
0.000010 0.397519 0.000010 0.053134 0.549327
0.000010 0.325387 0.000010 0.000010 0.674583
0.000010 0.338509 0.000010 0.038431 0.623040
0.000010 0.359996 0.003301 0.000010 0.636683
0.000010 0.387823 0.000010 0.000010 0.612147
0.027963 0.311250 0.000010 0.003647 0.657130
0.000010 0.343680 0.011656 0.003082 0.641571
0.000010 0.349494 0.000010 0.000010 0.650476
0.000010 0.349863 0.006241 0.000010 0.643876
0.000010 0.339256 0.000010 0.024717 0.636007
0.000010 0.335439 0.000010 0.000010 0.664531
0.000010 0.353854 0.000010 0.000010 0.646116
0.000010 0.338600 0.000010 0.000010 0.661370
0.000010 0.318910 0.000010 0.000010 0.681060
0.000010 0.304804 0.000010 0.012988 0.682188
0.000010 0.345675 0.000010 0.035046 0.619260
0.000010 0.306046 0.000010 0.010906 0.683028
0.000010 0.344492 0.000010 0.012207 0.643281
0.000010 0.340008 0.000010 0.000010 0.659962
0.000083 0.327620 0.005323 0.002760 0.664214
0.031363 0.329147 0.000010 0.000010 0.639470
0.000010 0.344766 0.003421 0.003690 0.648113
0.256403 0.606177 0.002871 0.019181 0.115367
0.246805 0.590343 0.000010 0.005536 0.157306
0.261054 0.598148 0.010475 0.019421 0.110902
0.276134 0.614062 0.000010 0.035330 0.074463
0.270419 0.603585 0.002455 0.000140 0.123402
0.236898 0.545787 0.005941 0.031306 0.180068
0.254892 0.568801 0.002391 0.035810 0.138105
0.262400 0.519943 0.006036 0.019636 0.191986
