0.038992 0.326642 0.004101 0.630265
0.031167 0.343366 0.000010 0.625457
0.047142 0.323858 0.004836 0.624164
0.017456 0.140045 0.023346 0.819154
0.009335 0.141987 0.013638 0.835040
0.019197 0.124412 0.017768 0.838623
0.009684 0.154813 0.013143 0.822360
0.015440 0.124587 0.013075 0.846898
0.018892 0.140526 0.017958 0.822624
0.016658 0.164566 0.008583 0.810193
0.015111 0.164605 0.012637 0.807647
0.010348 0.139358 0.022200 0.828094
0.011281 0.162256 0.016144 0.810319
0.008208 0.147781 0.017165 0.826847
0.009213 0.119428 0.028156 0.843202
0.017427 0.114086 0.012461 0.856025
0.017282 0.133214 0.015753 0.833751
0.012882 0.119625 0.014016 0.853477
0.013781 0.130495 0.027829 0.827895
0.014980 0.136402 0.014673 0.833945
0.012410 0.141085 0.016153 0.830352
0.008875 0.140532 0.017025 0.833568
0.027373 0.125137 0.014643 0.832847
0.016473 0.148995 0.016673 0.817860
0.022073 0.095090 0.010133 0.872704
0.028025 0.096402 0.013699 0.861874
0.025796 0.125725 0.015066 0.833413
0.044068 0.099656 0.000560 0.855717
0.026418 0.116527 0.007627 0.849429
0.023833 0.123442 0.013444 0.839282
0.016646 0.125803 0.016061 0.841490
0.024373 0.098299 0.018073 0.859255
0.019719 0.114381 0.017534 0.848366
0.016285 0.128198 0.012958 0.842559
0.015497 0.113485 0.016282 0.854736
0.019929 0.133267 0.018665 0.828139
0.016846 0.136910 0.014453 0.831791
0.019724 0.098955 0.021979 0.859342
0.086030 0.285202 0.000010 0.628758
0.031549 0.310356 0.008607 0.649488
0.039869 0.325405 0.000882 0.633844
0.124214 0.270559 0.000010 0.605217
0.080580 0.286812 0.001384 0.631224
0.061933 0.309789 0.000010 0.628268
0.047976 0.317470 0.000010 0.634545
0.088397 0.249057 0.000010 0.662536
0.090459 0.305716 0.000010 0.603815
0.053879 0.298345 0.000010 0.647766
0.033040 0.320411 0.012640 0.633909
0.050506 0.286138 0.001260 0.662097
0.052811 0.308795 0.006227 0.632167
0.057676 0.284899 0.000010 0.657414
0.037453 0.307608 0.005743 0.649195
0.095834 0.276541 0.006505 0.621120
0.001276 0.137090 0.490750 0.370884
0.000010 0.147251 0.476528 0.376211
0.000010 0.130379 0.503602 0.366009
0.000010 0.147610 0.507000 0.345380
0.000010 0.137210 0.462130 0.400650
0.000010 0.143165 0.481526 0.375300
0.002033 0.141030 0.484611 0.372325
0.000010 0.154989 0.476498 0.368503
0.000010 0.129698 0.473189 0.397103
0.000010 0.141468 0.496039 0.362484
0.012094 0.018965 0.968931 0.000010
0.026472 0.011508 0.962010 0.000010
0.009876 0.021295 0.968400 0.000430
0.008743 0.039818 0.949783 0.001655
0.005170 0.023554 0.971266 0.000010
0.012272 0.004627 0.969892 0.013209
0.005706 0.027301 0.965200 0.001793
0.017939 0.018313 0.963100 0.000649
0.005938 0.023976 0.970076 0.000010
0.008851 0.015923 0.975216 0.000010
0.006816 0.039043 0.954131 0.000010
0.023911 0.021088 0.954990 0.000010
0.015300 0.011545 0.973145 0.000010
0.015401 0.106743 0.010851 0.867006
0.029861 0.135618 0.011989 0.822531
0.024529 0.128741 0.013836 0.832894
0.021850 0.110114 0.020479 0.847557
0.017366 0.139645 0.016604 0.826385
0.013184 0.109680 0.025189 0.851947
0.024218 0.121837 0.005102 0.848844
0.026629 0.122969 0.009146 0.841256
0.029299 0.126099 0.010404 0.834199
0.027141 0.145520 0.019297 0.808042
0.024418 0.129878 0.013246 0.832458
0.017595 0.128614 0.013591 0.840199
0.018735 0.115958 0.015863 0.849444
0.029264 0.100950 0.020898 0.848888
0.011897 0.140269 0.014271 0.833563
0.014527 0.127099 0.015845 0.842529
0.022513 0.107911 0.016665 0.852911
0.017797 0.120880 0.007716 0.853607
0.030108 0.112811 0.023165 0.833917
0.014863 0.148440 0.020433 0.816264
0.026257 0.139706 0.005833 0.828204
0.023122 0.128960 0.008879 0.839039
0.015436 0.108762 0.020879 0.854923
0.018549 0.146817 0.010240 0.824394
0.027373 0.149993 0.002686 0.819948
0.012902 0.120970 0.006101 0.860027
0.024620 0.125090 0.013260 0.837030
0.023529 0.102344 0.000493 0.873634
0.018347 0.126918 0.011242 0.843492
0.015495 0.133476 0.008127 0.842902
0.023903 0.086146 0.762614 0.127337
0.015266 0.088854 0.770806 0.125075
0.023367 0.085207 0.735227 0.156199
0.022222 0.076670 0.764810 0.136298
0.015905 0.096312 0.764215 0.123568
0.013071 0.097905 0.746427 0.142597
0.016895 0.116747 0.753643 0.112714
0.024915 0.083154 0.730207 0.161724
0.020049 0.093067 0.735154 0.151730
0.021343 0.065825 0.748768 0.164064
0.014888 0.085232 0.744093 0.155786
0.008367 0.102211 0.736463 0.152960
0.014585 0.092342 0.753214 0.139859
0.013841 0.088555 0.745386 0.152219
0.017818 0.096950 0.742338 0.142894
0.014479 0.289277 0.012787 0.683457
0.007536 0.351994 0.013376 0.627094
0.000010 0.331935 0.016521 0.651535
0.000010 0.333372 0.005393 0.661225
0.000010 0.316106 0.016686 0.667198
0.005092 0.338226 0.009136 0.647546
0.014076 0.339562 0.011440 0.634922
0.000010 0.304531 0.017620 0.677839
0.005905 0.322575 0.014630 0.656890
0.014751 0.288942 0.003491 0.692816
0.014952 0.291351 0.017216 0.676481
0.000010 0.314903 0.008884 0.676202
0.000010 0.340127 0.024616 0.635246
0.010403 0.335754 0.006675 0.647168
0.000010 0.324226 0.016876 0.658888
0.000010 0.337698 0.014983 0.647309
0.080800 0.338791 0.006925 0.573483
0.064133 0.335841 0.026969 0.573057
0.100264 0.330170 0.016065 0.553502
0.061587 0.328660 0.024448 0.585305
0.084091 0.362144 0.012717 0.541048
0.084130 0.345351 0.024271 0.546248
0.058535 0.349937 0.015107 0.576422
0.059185 0.348126 0.018765 0.573924
0.084853 0.311188 0.010121 0.593838
0.064815 0.356953 0.020914 0.557319
0.074837 0.331943 0.027905 0.565315
0.080433 0.342722 0.013222 0.563623
0.068903 0.343178 0.018346 0.569573
0.063518 0.356472 0.019050 0.560960
0.087343 0.321675 0.020999 0.569983
0.103940 0.278380 0.013320 0.604361
0.084551 0.281493 0.002980 0.630976
0.075969 0.309743 0.005369 0.608919
0.065293 0.572945 0.002914 0.358848
0.140289 0.604965 0.004177 0.250569
0.068783 0.456075 0.174233 0.300909
0.104437 0.631076 0.002192 0.262295
0.067614 0.512004 0.135453 0.284929
0.070557 0.569434 0.029604 0.330404
0.070981 0.560568 0.020952 0.347499
0.078806 0.568404 0.012457 0.340334
0.139259 0.523948 0.008650 0.328142
0.217863 0.640548 0.010220 0.131370
0.077260 0.580342 0.022420 0.319978
0.080518 0.592066 0.010890 0.316527
0.073515 0.505470 0.108624 0.312391
0.073554 0.515719 0.055644 0.355083
0.070362 0.587551 0.019829 0.322258
0.096076 0.545032 0.009318 0.349574
0.082168 0.601449 0.006802 0.309580
0.079212 0.572813 0.015404 0.332571
0.111337 0.609529 0.023586 0.255548
0.117694 0.632286 0.009100 0.240920
0.098900 0.589498 0.018196 0.293406
0.103915 0.599367 0.023638 0.273080
0.084716 0.581884 0.043662 0.289737
0.000010 0.013130 0.986850 0.000010
0.000010 0.017674 0.978418 0.003898
0.005461 0.012965 0.976305 0.005269
0.012750 0.016003 0.932417 0.038830
0.011912 0.001223 0.977609 0.009255
0.007943 0.021232 0.906769 0.064056
0.000010 0.021771 0.900515 0.077704
0.005253 0.000010 0.979390 0.015347
0.001227 0.017348 0.981416 0.000010
0.001995 0.000010 0.997985 0.000010
0.000010 0.000010 0.997627 0.002353
0.009858 0.008232 0.981900 0.000010
0.007226 0.000010 0.992754 0.000010
0.000440 0.000010 0.999121 0.000429
0.008565 0.003566 0.987859 0.000010
0.000786 0.007448 0.991112 0.000654
0.004739 0.002292 0.992959 0.000010
0.016561 0.000010 0.021960 0.961469
0.028084 0.000010 0.015930 0.955977
0.030611 0.000010 0.013842 0.955537
0.036897 0.000010 0.006653 0.956441
0.034970 0.000010 0.011802 0.953218
0.018633 0.000010 0.016909 0.964448
0.023571 0.000010 0.016999 0.959420
0.030847 0.016890 0.006725 0.945539
0.017001 0.013845 0.009478 0.959676
0.036278 0.000010 0.001105 0.962606
0.028174 0.000010 0.016582 0.955234
0.033989 0.003291 0.004527 0.958193
0.031982 0.000010 0.000010 0.967998
0.046847 0.000010 0.001304 0.951839
0.042088 0.000010 0.001917 0.955986
0.039428 0.000010 0.000010 0.960552
0.039907 0.000010 0.001169 0.958914
0.034656 0.000010 0.013068 0.952266
0.018996 0.000010 0.004036 0.976958
0.020162 0.007577 0.000010 0.972250
0.024103 0.000010 0.002678 0.973209
0.031344 0.011522 0.005949 0.951185
0.029509 0.000010 0.009718 0.960763
0.000010 0.268897 0.121173 0.609920
0.000010 0.240539 0.120857 0.638595
0.000010 0.224208 0.139758 0.636024
0.000010 0.266566 0.100734 0.632690
0.000335 0.180489 0.204221 0.614955
0.000010 0.294588 0.091547 0.613855
0.000510 0.287058 0.107856 0.604576
0.000010 0.272080 0.122592 0.605318
0.000975 0.284433 0.106342 0.608250
0.000010 0.258415 0.090402 0.651172
0.000010 0.272745 0.090919 0.636326
0.000010 0.249510 0.118217 0.632263
0.003444 0.240437 0.163372 0.592747
0.007896 0.053703 0.847960 0.090441
0.000010 0.249233 0.124712 0.626045
0.000010 0.255972 0.113230 0.630788
0.000010 0.267090 0.116230 0.616670
0.000010 0.270802 0.110735 0.618453
0.000010 0.281479 0.109974 0.608537
0.000010 0.261151 0.176986 0.561853
0.005417 0.267321 0.117543 0.609718
0.003236 0.242847 0.129635 0.624282
0.000010 0.276666 0.094342 0.628982
0.000010 0.234681 0.181222 0.584087
0.000010 0.224937 0.172778 0.602276
0.000228 0.255429 0.147357 0.596986
0.000010 0.270246 0.103333 0.626411
0.000306 0.244301 0.133177 0.622215
0.000010 0.217833 0.175734 0.606423
0.000010 0.235031 0.117883 0.647076
0.000010 0.222805 0.187341 0.589844
0.000010 0.274524 0.104267 0.621200
0.000010 0.270983 0.109669 0.619338
0.000010 0.278408 0.088981 0.632600
0.000010 0.264877 0.107005 0.628107
0.000010 0.250466 0.145741 0.603783
0.000010 0.191289 0.219591 0.589110
0.008702 0.265306 0.118495 0.607496
0.000010 0.266779 0.106554 0.626656
0.000010 0.288378 0.083342 0.628270
0.000010 0.253822 0.097072 0.649095
0.000010 0.254418 0.112317 0.633255
0.000010 0.299545 0.099707 0.600738
0.000010 0.279367 0.091578 0.629045
0.000010 0.273545 0.094310 0.632135
0.079291 0.034888 0.002803 0.883018
0.054479 0.000010 0.013237 0.932273
0.059995 0.009507 0.000010 0.930488
0.076738 0.013742 0.003279 0.906241
0.067971 0.033235 0.000010 0.898785
0.065064 0.000010 0.000010 0.934916
0.070154 0.012163 0.000010 0.917673
0.067814 0.051257 0.000010 0.880919
0.074421 0.000010 0.002668 0.922901
0.067240 0.000010 0.000010 0.932740
0.076712 0.008855 0.000010 0.914422
0.067092 0.013520 0.000010 0.919378
0.067855 0.029976 0.000010 0.902159
0.082995 0.000010 0.000010 0.916985
0.076662 0.005692 0.000010 0.917636
0.070412 0.011925 0.000010 0.917653
0.000010 0.000010 0.999970 0.000010
0.000010 0.000010 0.999970 0.000010
0.000010 0.000010 0.999970 0.000010
0.000010 0.000010 0.999970 0.000010
0.000010 0.000010 0.999970 0.000010
0.000010 0.000010 0.999970 0.000010
0.000010 0.000010 0.999970 0.000010
0.000010 0.000010 0.999970 0.000010
0.000010 0.000010 0.999970 0.000010
0.000010 0.000010 0.999970 0.000010
0.000014 0.000010 0.999966 0.000010
0.000010 0.000010 0.999970 0.000010
0.000010 0.000010 0.999970 0.000010
0.000010 0.000010 0.999970 0.000010
0.000010 0.000010 0.999970 0.000010
0.000010 0.000010 0.999970 0.000010
0.000010 0.000010 0.999970 0.000010
0.000010 0.000010 0.999970 0.000010
0.000010 0.000010 0.999970 0.000010
0.043543 0.058833 0.000010 0.897614
0.046227 0.069046 0.005707 0.879019
0.045513 0.061352 0.003643 0.889492
0.049886 0.055134 0.001217 0.893763
0.067702 0.084764 0.000010 0.847524
0.044592 0.066672 0.000010 0.888726
0.058404 0.052157 0.000010 0.889428
0.044498 0.036670 0.002342 0.916490
0.036740 0.068882 0.000010 0.894368
0.042203 0.062026 0.007201 0.888569
0.039891 0.076526 0.002183 0.881400
0.051411 0.061605 0.000010 0.886974
0.052933 0.018879 0.003807 0.924380
0.028255 0.067809 0.000010 0.903927
0.088683 0.577058 0.028108 0.306151
0.087922 0.594314 0.015599 0.302165
0.090966 0.604701 0.025226 0.279107
0.078145 0.584199 0.019735 0.317920
0.081701 0.575240 0.013566 0.329493
0.094033 0.585940 0.009745 0.310282
0.076751 0.619804 0.011404 0.292040
0.088957 0.602146 0.005361 0.303536
0.116563 0.535431 0.019217 0.328790
0.067870 0.589054 0.040573 0.302503
0.084637 0.584445 0.012481 0.318437
0.085387 0.597476 0.006548 0.310589
0.099158 0.584211 0.033653 0.282978
0.086264 0.490762 0.145619 0.277355
0.100616 0.590630 0.015869 0.292885
0.089810 0.593416 0.008735 0.308039
0.102088 0.625201 0.025256 0.247455
0.117869 0.603813 0.046528 0.231790
0.095159 0.537825 0.007283 0.359733
0.085219 0.572550 0.041284 0.300947
0.085919 0.579144 0.016275 0.318662
0.068395 0.554102 0.064940 0.312563
0.074164 0.590660 0.023484 0.311692
0.037050 0.101333 0.014501 0.847117
0.037169 0.084830 0.005303 0.872698
0.027608 0.102563 0.006535 0.863294
0.042679 0.067358 0.005146 0.884816
0.038625 0.070601 0.004119 0.886655
0.040158 0.102547 0.011183 0.846112
0.026990 0.092647 0.008128 0.872235
0.065575 0.061335 0.007272 0.865818
0.046092 0.073748 0.006199 0.873962
0.038547 0.107896 0.005907 0.847650
0.038577 0.133210 0.002498 0.825715
0.042612 0.061177 0.014321 0.881891
0.051230 0.065872 0.005225 0.877673
0.043605 0.068383 0.010563 0.877449
0.046049 0.089852 0.007218 0.856881
0.049564 0.095464 0.000010 0.854963
0.032912 0.075909 0.008135 0.883043
0.048255 0.100078 0.001800 0.849867
0.038945 0.107521 0.003592 0.849942
0.039702 0.079498 0.001055 0.879745
0.038688 0.087571 0.009418 0.864323
0.052368 0.093657 0.014729 0.839246
0.051368 0.057755 0.002419 0.888458
0.060338 0.183261 0.003891 0.752509
0.078469 0.134792 0.000010 0.786729
0.031194 0.088768 0.014644 0.865394
0.026077 0.077875 0.005291 0.890757
0.030589 0.092736 0.005539 0.871136
0.050532 0.097410 0.011283 0.840775
0.054236 0.080016 0.007794 0.857955
0.245088 0.517315 0.003965 0.233632
0.231904 0.514421 0.000010 0.253665
0.232316 0.549546 0.000010 0.218128
0.239961 0.549113 0.000010 0.210916
0.231037 0.545175 0.000010 0.223778
0.232456 0.527025 0.000010 0.240509
0.225482 0.568790 0.000034 0.205694
0.211309 0.527504 0.008606 0.252580
0.249847 0.522935 0.000010 0.227209
0.245512 0.536736 0.000010 0.217743
0.255891 0.575074 0.001953 0.167082
0.240593 0.518512 0.000010 0.240885
0.231281 0.561364 0.000010 0.207345
0.228695 0.535935 0.000010 0.235360
0.241637 0.530115 0.000010 0.228238
0.235419 0.498818 0.000010 0.265754
0.256085 0.538958 0.000252 0.204705
0.232857 0.534904 0.000010 0.232229
0.237095 0.531149 0.000010 0.231745
0.231176 0.523189 0.002856 0.242779
0.223398 0.515262 0.000010 0.261330
0.203722 0.544910 0.001717 0.249650
0.218309 0.554100 0.000010 0.227580
0.225944 0.575895 0.000010 0.198151
0.238492 0.523935 0.000010 0.237563
0.005216 0.179608 0.031531 0.783645
0.000141 0.169201 0.026640 0.804017
0.000010 0.162382 0.024872 0.812736
0.003554 0.159783 0.036984 0.799679
0.019183 0.157958 0.029143 0.793716
0.003197 0.148798 0.026575 0.821430
0.012758 0.186315 0.024086 0.776840
0.012196 0.137062 0.029149 0.821592
0.000010 0.173433 0.027932 0.798624
0.010573 0.163803 0.017175 0.808449
0.016296 0.176232 0.026997 0.780474
0.000010 0.158771 0.037009 0.804210
0.001741 0.150904 0.023181 0.824174
0.004950 0.153640 0.036368 0.805041
0.013926 0.171896 0.018352 0.795826
0.006408 0.187878 0.028817 0.776897
0.005241 0.165165 0.036213 0.793381
0.999970 0.000010 0.000010 0.000010
0.999970 0.000010 0.000010 0.000010
0.995372 0.000010 0.000010 0.004608
0.991704 0.008276 0.000010 0.000010
0.999970 0.000010 0.000010 0.000010
0.999970 0.000010 0.000010 0.000010
0.999970 0.000010 0.000010 0.000010
0.999970 0.000010 0.000010 0.000010
0.986024 0.013956 0.000010 0.000010
0.999970 0.000010 0.000010 0.000010
0.993516 0.002166 0.000010 0.004308
0.990194 0.000010 0.000010 0.009786
0.997571 0.002409 0.000010 0.000010
0.993553 0.006427 0.000010 0.000010
0.997052 0.002928 0.000010 0.000010
0.999970 0.000010 0.000010 0.000010
0.995869 0.000010 0.000010 0.004111
0.999968 0.000010 0.000012 0.000010
0.999970 0.000010 0.000010 0.000010
0.994547 0.005433 0.000010 0.000010
0.999970 0.000010 0.000010 0.000010
0.999970 0.000010 0.000010 0.000010
0.999970 0.000010 0.000010 0.000010
0.999970 0.000010 0.000010 0.000010
0.985515 0.014465 0.000010 0.000010
0.998648 0.000010 0.000835 0.000507
0.999970 0.000010 0.000010 0.000010
0.999970 0.000010 0.000010 0.000010
0.999970 0.000010 0.000010 0.000010
0.999970 0.000010 0.000010 0.000010
0.986680 0.009310 0.000010 0.004000
0.994210 0.000010 0.000010 0.005770
0.999970 0.000010 0.000010 0.000010
0.993600 0.000010 0.000010 0.006380
0.999970 0.000010 0.000010 0.000010
0.999969 0.000010 0.000011 0.000010
0.999970 0.000010 0.000010 0.000010
0.999970 0.000010 0.000010 0.000010
0.999966 0.000010 0.000014 0.000010
0.999968 0.000010 0.000012 0.000010
0.994756 0.001006 0.004228 0.000010
0.999970 0.000010 0.000010 0.000010
0.987568 0.000010 0.000012 0.012409
0.999970 0.000010 0.000010 0.000010
0.999970 0.000010 0.000010 0.000010
0.999970 0.000010 0.000010 0.000010
0.999970 0.000010 0.000010 0.000010
0.995913 0.004067 0.000010 0.000010
0.999970 0.000010 0.000010 0.000010
0.999968 0.000010 0.000012 0.000010
0.999970 0.000010 0.000010 0.000010
0.996265 0.000010 0.000665 0.003060
0.999970 0.000010 0.000010 0.000010
0.998770 0.001210 0.000010 0.000010
0.999970 0.000010 0.000010 0.000010
0.999970 0.000010 0.000010 0.000010
0.999970 0.000010 0.000010 0.000010
0.983291 0.016689 0.000010 0.000010
0.999970 0.000010 0.000010 0.000010
0.999970 0.000010 0.000010 0.000010
0.999970 0.000010 0.000010 0.000010
0.999970 0.000010 0.000010 0.000010
0.995884 0.000010 0.000010 0.004096
0.999970 0.000010 0.000010 0.000010
0.999969 0.000010 0.000011 0.000010
0.999970 0.000010 0.000010 0.000010
0.999970 0.000010 0.000010 0.000010
0.992967 0.007013 0.000010 0.000010
0.999970 0.000010 0.000010 0.000010
0.996516 0.000010 0.000010 0.003464
0.999970 0.000010 0.000010 0.000010
0.999970 0.000010 0.000010 0.000010
0.995851 0.000010 0.000010 0.004129
0.999967 0.000010 0.000013 0.000010
0.999970 0.000010 0.000010 0.000010
0.976918 0.000010 0.005377 0.017695
0.999970 0.000010 0.000010 0.000010
0.999970 0.000010 0.000010 0.000010
0.999970 0.000010 0.000010 0.000010
0.999970 0.000010 0.000010 0.000010
0.999966 0.000014 0.000010 0.000010
0.999970 0.000010 0.000010 0.000010
0.999969 0.000010 0.000011 0.000010
0.999970 0.000010 0.000010 0.000010
0.999105 0.000010 0.000084 0.000800
0.997359 0.000010 0.002621 0.000010
0.999970 0.000010 0.000010 0.000010
0.999970 0.000010 0.000010 0.000010
0.999969 0.000010 0.000011 0.000010
0.999969 0.000010 0.000011 0.000010
0.999970 0.000010 0.000010 0.000010
0.963907 0.015011 0.000940 0.020141
0.999227 0.000010 0.000753 0.000010
0.999970 0.000010 0.000010 0.000010
0.999961 0.000010 0.000019 0.000010
0.991746 0.008234 0.000010 0.000010
0.978760 0.001245 0.000010 0.019985
0.974772 0.007619 0.003824 0.013785
0.999970 0.000010 0.000010 0.000010
0.999970 0.000010 0.000010 0.000010
0.999970 0.000010 0.000010 0.000010
0.999970 0.000010 0.000010 0.000010
0.999970 0.000010 0.000010 0.000010
0.999970 0.000010 0.000010 0.000010
0.997813 0.000010 0.002167 0.000010
0.997577 0.000010 0.002403 0.000010
0.999970 0.000010 0.000010 0.000010
0.275963 0.070720 0.000010 0.653307
0.268750 0.062066 0.000010 0.669174
0.269167 0.052819 0.000010 0.678004
0.097516 0.006365 0.006756 0.889363
0.271790 0.065833 0.000010 0.662367
0.262058 0.050905 0.001050 0.685986
0.288515 0.073831 0.001861 0.635793
0.267136 0.050937 0.000010 0.681916
0.281500 0.057961 0.000010 0.660528
0.269621 0.057191 0.000010 0.673177
0.240426 0.037360 0.000010 0.722204
0.242413 0.074373 0.001809 0.681405
0.252651 0.069738 0.000010 0.677601
0.272562 0.071576 0.000010 0.655851
0.258233 0.076150 0.002380 0.663237
0.266989 0.028860 0.000010 0.704141
0.281899 0.073020 0.003958 0.641123
0.235214 0.080616 0.000598 0.683572
0.272169 0.066210 0.000010 0.661611
0.008182 0.133068 0.019206 0.839543
0.027837 0.123316 0.000367 0.848480
0.027416 0.103321 0.011558 0.857705
0.005920 0.122913 0.011582 0.859584
0.025641 0.088731 0.020847 0.864780
0.025710 0.131986 0.000210 0.842094
0.000387 0.157504 0.013445 0.828664
0.012977 0.138979 0.011200 0.836844
0.026706 0.138375 0.012738 0.822181
0.024227 0.169336 0.013260 0.793176
0.026543 0.103060 0.012158 0.858239
0.012305 0.116456 0.012829 0.858410
0.010792 0.114378 0.012563 0.862268
0.016127 0.118707 0.016264 0.848901
0.024047 0.120589 0.018199 0.837165
0.015605 0.098610 0.012550 0.873234
0.047608 0.033251 0.006020 0.913121
0.044200 0.034249 0.006057 0.915494
0.056829 0.075627 0.000010 0.867533
0.043529 0.043665 0.005915 0.906892
0.037895 0.067565 0.006413 0.888127
0.038698 0.040707 0.000010 0.920585
0.044585 0.067398 0.002898 0.885118
0.052437 0.048933 0.000010 0.898620
0.054222 0.027107 0.000010 0.918661
0.042338 0.063797 0.000010 0.893856
0.050127 0.064774 0.000010 0.885089
0.050855 0.060783 0.000010 0.888352
0.052393 0.030205 0.000010 0.917392
0.046598 0.050611 0.004997 0.897794
0.050030 0.035384 0.013884 0.900702
0.044123 0.037832 0.009662 0.908383
0.041638 0.082766 0.000010 0.875587
0.047114 0.040659 0.007147 0.905080
0.057479 0.036680 0.005966 0.899875
0.053585 0.017909 0.006723 0.921783
0.048781 0.051135 0.000010 0.900074
0.058234 0.002020 0.008257 0.931489
0.023065 0.100729 0.003524 0.872682
0.052149 0.026245 0.002951 0.918656
0.039047 0.061808 0.010001 0.889144
0.039513 0.070120 0.004671 0.885696
0.050327 0.044709 0.000010 0.904954
0.051716 0.022530 0.000991 0.924763
0.035236 0.056310 0.004143 0.904311
0.041418 0.050886 0.001921 0.905775
0.045399 0.049859 0.000751 0.903990
0.056168 0.074185 0.000010 0.869637
0.056258 0.047202 0.000010 0.896530
0.038660 0.058534 0.005864 0.896942
0.039389 0.064443 0.000526 0.895642
0.055383 0.083928 0.000010 0.860679
0.041905 0.053570 0.003833 0.900693
0.052326 0.066370 0.000010 0.881294
0.042715 0.019784 0.005628 0.931874
0.028805 0.044527 0.005133 0.921534
0.054957 0.046526 0.000010 0.898507
0.033647 0.044308 0.004265 0.917779
0.045067 0.040019 0.004185 0.910728
0.000010 0.205219 0.032540 0.762231
0.000010 0.216348 0.038350 0.745293
0.000010 0.229901 0.028363 0.741726
0.000010 0.215652 0.031181 0.753157
0.000010 0.224509 0.025186 0.750295
0.000010 0.223527 0.021919 0.754544
0.000010 0.242268 0.025084 0.732638
0.000010 0.218110 0.028133 0.753748
0.000010 0.231505 0.020921 0.747564
0.000010 0.195549 0.036924 0.767517
0.006936 0.203730 0.038452 0.750882
0.000010 0.209606 0.043838 0.746546
0.975031 0.019060 0.005899 0.000010
0.978597 0.021383 0.000010 0.000010
0.990858 0.002540 0.006592 0.000010
0.975052 0.024928 0.000010 0.000010
0.980572 0.019404 0.000014 0.000010
0.981336 0.007693 0.010961 0.000010
0.972074 0.025620 0.002295 0.000010
0.979694 0.020286 0.000010 0.000010
0.975341 0.024639 0.000010 0.000010
0.978937 0.021043 0.000010 0.000010
0.951821 0.010977 0.000010 0.037193
0.913066 0.048053 0.000010 0.038871
0.933110 0.017062 0.001336 0.048492
0.940874 0.015756 0.000010 0.043361
0.937144 0.021854 0.000010 0.040992
0.939443 0.012968 0.005277 0.042312
0.952180 0.003899 0.003375 0.040546
0.954929 0.011966 0.000010 0.033094
0.944155 0.015569 0.001210 0.039066
0.014652 0.170091 0.019254 0.796004
0.016000 0.187952 0.017793 0.778254
0.006798 0.160406 0.023817 0.808980
0.000010 0.162915 0.030511 0.806564
0.002283 0.156392 0.024285 0.817039
0.013068 0.176554 0.017148 0.793230
0.012926 0.148269 0.020533 0.818272
0.006601 0.179103 0.018778 0.795517
0.005455 0.180918 0.007454 0.806174
0.000010 0.188704 0.018948 0.792338
0.000010 0.187087 0.012360 0.800543
0.006005 0.169409 0.017579 0.807007
0.017459 0.152244 0.019780 0.810517
0.000010 0.163468 0.024261 0.812261
0.002237 0.172229 0.026973 0.798561
0.004046 0.172929 0.023128 0.799898
0.024959 0.163937 0.014400 0.796705
0.009335 0.189031 0.019238 0.782396
0.002683 0.159020 0.018312 0.819985
0.000010 0.281451 0.056773 0.661766
0.145707 0.565385 0.014468 0.274439
0.000010 0.264236 0.045515 0.690238
0.180539 0.575317 0.008823 0.235322
0.000010 0.299815 0.032546 0.667628
0.000010 0.304132 0.039329 0.656530
0.000010 0.266389 0.047330 0.686271
0.000010 0.294584 0.034181 0.671225
0.000010 0.266149 0.052210 0.681632
0.000278 0.269142 0.057442 0.673139
0.000010 0.281253 0.042938 0.675799
0.000010 0.284570 0.056919 0.658501
0.000010 0.263147 0.056362 0.680481
0.000010 0.287596 0.048475 0.663919
0.002324 0.318011 0.030926 0.648738
0.000010 0.271347 0.057693 0.670950
0.000010 0.278007 0.032693 0.689290
0.000010 0.299945 0.054080 0.645966
0.000010 0.282418 0.051670 0.665902
0.000010 0.289057 0.037309 0.673624
0.000010 0.269431 0.041860 0.688700
0.000010 0.273306 0.093165 0.633519
0.000010 0.282278 0.050001 0.667711
0.001582 0.285832 0.057457 0.655129
0.000010 0.264368 0.046171 0.689450
0.003576 0.274845 0.047274 0.674305
0.000427 0.331301 0.031438 0.636835
0.000010 0.281748 0.053974 0.664268
0.000010 0.301252 0.038853 0.659885
0.000010 0.276573 0.050288 0.673129
0.000010 0.270244 0.055797 0.673949
0.000010 0.255312 0.048750 0.695928
0.000010 0.287734 0.049160 0.663096
0.000010 0.294752 0.023775 0.681463
0.000010 0.286065 0.038080 0.675845
0.000010 0.288700 0.044305 0.666984
0.000010 0.286755 0.037656 0.675579
0.000010 0.268943 0.046656 0.684391
0.000010 0.271148 0.055426 0.673416
0.000010 0.281486 0.032597 0.685907
0.000010 0.286845 0.035480 0.677665
0.000010 0.293810 0.050338 0.655842
0.000010 0.284525 0.032586 0.682878
0.000010 0.291937 0.032254 0.675799
0.000010 0.263717 0.059377 0.676896
0.005617 0.158367 0.036756 0.799260
0.005874 0.145705 0.045656 0.802765
0.015295 0.135540 0.042807 0.806358
0.012585 0.138011 0.034131 0.815274
0.015165 0.152757 0.030885 0.801193
0.012455 0.130800 0.029835 0.826910
0.004496 0.151799 0.040444 0.803261
0.013405 0.151823 0.033043 0.801729
0.016665 0.146616 0.033177 0.803541
0.004366 0.143930 0.037948 0.813756
0.006790 0.166449 0.036442 0.790319
0.019958 0.131172 0.036419 0.812451
0.017247 0.152284 0.032345 0.798124
0.000437 0.185308 0.026938 0.787317
0.009940 0.126115 0.021634 0.842310
0.016265 0.138375 0.017784 0.827576
0.015556 0.123816 0.016720 0.843909
0.027284 0.110258 0.023681 0.838777
0.014178 0.145842 0.014125 0.825854
0.013246 0.147502 0.019909 0.819343
0.015191 0.114764 0.015753 0.854292
0.027824 0.136410 0.006656 0.829110
0.013800 0.127379 0.013637 0.845185
0.012651 0.135226 0.015170 0.836952
0.001739 0.147516 0.017503 0.833243
0.012700 0.122566 0.015027 0.849706
0.025502 0.157286 0.003866 0.813346
0.023217 0.142225 0.017381 0.817177
0.012670 0.136922 0.019085 0.831323
0.016937 0.137179 0.021231 0.824653
0.016068 0.122437 0.011587 0.849909
0.013272 0.136169 0.020489 0.830070
0.011036 0.121094 0.019651 0.848219
0.003606 0.133918 0.029651 0.832825
0.015393 0.103507 0.021722 0.859378
0.017056 0.115770 0.024180 0.842993
0.000010 0.229194 0.217878 0.552918
0.008019 0.206452 0.182346 0.603184
0.000010 0.196954 0.222821 0.580215
0.000010 0.213078 0.195023 0.591889
0.000010 0.217451 0.225023 0.557516
0.000251 0.181910 0.229024 0.588815
0.000010 0.230912 0.179324 0.589755
0.007845 0.141486 0.357496 0.493172
0.000010 0.209461 0.169510 0.621019
0.000010 0.188566 0.190510 0.620914
0.000010 0.184373 0.207956 0.607661
0.000010 0.187847 0.200659 0.611484
0.014400 0.125254 0.012838 0.847508
0.022062 0.138535 0.017416 0.821986
0.018525 0.129686 0.023760 0.828030
0.021364 0.139118 0.030697 0.808822
0.017212 0.113984 0.047067 0.821737
0.027158 0.107630 0.007728 0.857484
0.005533 0.133469 0.024620 0.836377
0.025610 0.118223 0.018480 0.837687
0.007089 0.110691 0.011951 0.870269
0.011930 0.151678 0.011940 0.824452
0.004791 0.139234 0.006918 0.849056
0.015322 0.134025 0.008185 0.842468
0.020765 0.121320 0.017512 0.840402
0.017425 0.113413 0.026658 0.842503
0.014231 0.159277 0.005685 0.820807
0.007856 0.127184 0.019664 0.845296
0.016474 0.129512 0.011371 0.842642
0.019740 0.144703 0.026068 0.809488
0.017764 0.147090 0.010773 0.824372
0.027828 0.130390 0.022294 0.819488
0.027487 0.131905 0.014641 0.825968
0.037519 0.083011 0.002076 0.877395
0.053733 0.025286 0.012539 0.908442
0.042566 0.017672 0.013507 0.926256
0.045504 0.032824 0.000010 0.921662
0.041073 0.032025 0.014492 0.912410
0.039470 0.037885 0.004087 0.918558
0.057722 0.016342 0.000010 0.925926
0.043507 0.030780 0.004686 0.921028
0.053353 0.003036 0.006360 0.937252
0.082998 0.000010 0.000010 0.916982
0.094262 0.000010 0.000010 0.905718
0.104599 0.004668 0.000010 0.890723
0.067986 0.010051 0.000010 0.921953
0.092585 0.027747 0.000010 0.879658
0.000010 0.150493 0.482443 0.367055
0.000010 0.139858 0.460376 0.399757
0.010435 0.137677 0.472539 0.379349
0.000010 0.148357 0.479906 0.371727
0.000010 0.125838 0.471033 0.403118
0.000010 0.125996 0.571437 0.302557
0.000239 0.196891 0.389801 0.413070
0.005806 0.093662 0.651957 0.248575
0.000010 0.104010 0.598327 0.297653
0.000585 0.094817 0.635576 0.269022
0.000010 0.122416 0.624058 0.253516
0.000010 0.122383 0.513399 0.364208
0.009248 0.101007 0.656536 0.233209
0.004885 0.090020 0.660430 0.244665
0.003179 0.135135 0.466573 0.395113
0.000010 0.148279 0.479788 0.371923
0.000010 0.152663 0.476533 0.370794
0.000010 0.159377 0.465342 0.375271
0.000010 0.150103 0.477656 0.372231
0.106494 0.004063 0.000010 0.889433
0.126642 0.015036 0.005127 0.853195
0.034936 0.042810 0.000010 0.922243
0.047503 0.027968 0.007429 0.917100
0.052070 0.043454 0.005913 0.898564
0.047177 0.042271 0.010524 0.900028
0.034520 0.031696 0.003822 0.929962
0.033893 0.048948 0.009363 0.907796
0.049468 0.017016 0.010230 0.923287
0.039621 0.011054 0.008865 0.940461
0.047357 0.029577 0.007377 0.915689
0.032857 0.051854 0.025760 0.889528
0.046564 0.039572 0.001824 0.912040
0.042280 0.026369 0.000010 0.931341
0.051353 0.001036 0.000622 0.946990
0.039613 0.028155 0.005319 0.926913
0.051092 0.036378 0.009940 0.902589
0.045879 0.026995 0.000010 0.927116
0.047038 0.029380 0.008218 0.915364
0.041553 0.036387 0.013691 0.908368
0.034724 0.037504 0.001955 0.925816
0.033741 0.058227 0.000010 0.908022
0.037375 0.062543 0.000010 0.900072
0.045806 0.016714 0.004531 0.932949
0.048459 0.043738 0.000010 0.907793
0.036962 0.043850 0.010213 0.908975
0.044900 0.039260 0.000010 0.915830
0.028514 0.038752 0.011826 0.920909
0.029952 0.017170 0.016684 0.936194
0.062589 0.010536 0.004530 0.922344
0.054141 0.026647 0.001041 0.918171
0.056285 0.014544 0.000010 0.929161
0.052328 0.025067 0.006678 0.915926
0.055977 0.010187 0.011421 0.922415
0.056556 0.046734 0.000010 0.896700
0.049927 0.027354 0.000977 0.921743
0.058605 0.017964 0.000010 0.923421
0.055866 0.033865 0.000010 0.910259
0.054986 0.008830 0.000010 0.936174
0.054698 0.009360 0.009292 0.926650
0.058264 0.000796 0.004126 0.936814
0.063892 0.010694 0.000010 0.925404
0.053604 0.040128 0.000010 0.906258
0.044973 0.038395 0.000010 0.916622
0.055828 0.015664 0.005177 0.923332
0.048227 0.009502 0.009901 0.932370
0.046775 0.036922 0.008251 0.908052
0.048772 0.014494 0.000010 0.936724
0.062469 0.020597 0.000010 0.916924
0.053521 0.010953 0.000010 0.935516
0.049020 0.041920 0.000010 0.909050
0.059215 0.012238 0.006203 0.922344
0.054770 0.035483 0.003903 0.905845
0.051144 0.011754 0.006941 0.930162
0.066340 0.002448 0.003689 0.927523
0.036598 0.025980 0.000010 0.937412
0.048362 0.037465 0.000850 0.913322
0.034088 0.048975 0.000852 0.916085
0.047246 0.022097 0.000010 0.930646
0.038832 0.029445 0.011697 0.920026
0.044650 0.031495 0.000496 0.923359
0.048787 0.034186 0.000010 0.917018
0.052476 0.009148 0.002877 0.935498
0.038898 0.039457 0.008990 0.912655
0.038018 0.033297 0.000010 0.928675
0.064847 0.015574 0.000836 0.918743
0.046077 0.034596 0.000010 0.919318
0.045519 0.022862 0.009814 0.921805
0.050248 0.007294 0.004690 0.937768
0.060731 0.012598 0.000010 0.926661
0.044221 0.033950 0.000010 0.921819
0.035578 0.026658 0.000010 0.937754
0.036684 0.024157 0.000010 0.939149
0.047968 0.034678 0.000010 0.917343
0.040073 0.022771 0.002154 0.935002
0.044816 0.024097 0.000010 0.931077
0.050460 0.000010 0.000010 0.949520
0.052604 0.009721 0.004220 0.933455
0.056201 0.000219 0.008112 0.935469
0.037503 0.053461 0.000010 0.909026
0.035217 0.034385 0.000010 0.930388
0.051282 0.029208 0.000010 0.919500
0.050222 0.023710 0.000010 0.926058
0.054231 0.008292 0.002977 0.934501
0.069068 0.023212 0.002506 0.905213
0.048371 0.015246 0.008146 0.928237
0.045684 0.013341 0.000010 0.940966
0.053860 0.054793 0.001306 0.890041
0.038442 0.026749 0.001438 0.933370
0.046450 0.024817 0.008401 0.920332
0.045637 0.037908 0.000327 0.916129
0.042361 0.034740 0.004192 0.918706
0.035474 0.021212 0.014881 0.928433
0.055285 0.035290 0.001995 0.907430
0.056181 0.045343 0.004857 0.893619
0.034056 0.034510 0.000947 0.930487
0.059721 0.022201 0.001775 0.916303
0.047682 0.017560 0.003624 0.931134
0.048107 0.033737 0.000010 0.918146
0.040499 0.029747 0.000280 0.929474
0.048461 0.006163 0.013847 0.931529
0.050963 0.049682 0.001579 0.897776
0.040653 0.047176 0.000010 0.912160
0.053124 0.009363 0.000010 0.937502
0.047007 0.041194 0.000010 0.911789
0.046181 0.050115 0.000010 0.903694
0.052483 0.025129 0.003641 0.918748
0.034721 0.016712 0.000010 0.948556
0.039525 0.045768 0.001681 0.913026
0.051609 0.038646 0.002357 0.907388
0.048248 0.022836 0.000010 0.928906
0.047418 0.028703 0.012471 0.911408
0.051578 0.013206 0.000010 0.935206
0.040995 0.035233 0.000010 0.923762
0.045942 0.038680 0.000010 0.915369
0.043009 0.031362 0.000010 0.925619
0.034573 0.059487 0.000010 0.905930
0.052522 0.028406 0.000010 0.919062
0.053609 0.010746 0.002118 0.933527
0.045550 0.005211 0.000010 0.949230
0.055099 0.019411 0.000010 0.925480
0.055406 0.004493 0.003329 0.936773
0.044131 0.038628 0.000010 0.917231
0.044741 0.042389 0.000010 0.912860
0.048345 0.021302 0.005390 0.924962
0.005050 0.323173 0.016324 0.655453
0.002942 0.346706 0.013649 0.636703
0.014517 0.325028 0.006717 0.653738
0.000010 0.311830 0.015292 0.672868
0.010712 0.327490 0.004601 0.657196
0.008536 0.364836 0.010175 0.616453
0.000010 0.344461 0.002792 0.652736
0.000010 0.360414 0.009200 0.630376
0.019736 0.362305 0.003789 0.614171
0.000194 0.374370 0.006569 0.618868
0.000010 0.340754 0.000236 0.659001
0.000010 0.353745 0.010355 0.635891
0.009142 0.345495 0.001543 0.643820
0.012256 0.342789 0.011273 0.633683
0.010651 0.371456 0.012520 0.605373
0.000010 0.357170 0.003966 0.638855
0.009277 0.333211 0.005729 0.651783
0.001894 0.369553 0.004026 0.624527
0.019834 0.333985 0.011081 0.635100
0.007964 0.350642 0.000010 0.641384
0.007954 0.338599 0.000010 0.653437
0.042641 0.291787 0.009961 0.655611
0.000010 0.366237 0.006115 0.627638
0.029053 0.275948 0.000010 0.694989
0.000010 0.363789 0.004193 0.632008
0.013009 0.354252 0.000455 0.632283
0.004807 0.369738 0.000920 0.624534
0.020761 0.356016 0.003897 0.619327
0.025609 0.282397 0.006135 0.685859
0.057570 0.020093 0.003341 0.918996
0.049197 0.000010 0.006300 0.944493
0.051885 0.024664 0.000010 0.923440
0.053273 0.029289 0.000010 0.917429
0.057325 0.000010 0.000010 0.942655
0.050844 0.015226 0.000010 0.933919
0.045975 0.024778 0.003078 0.926170
0.043308 0.037293 0.000010 0.919389
0.047092 0.010854 0.000010 0.942044
0.027571 0.045568 0.006852 0.920009
0.056414 0.055810 0.000010 0.887766
0.053172 0.034268 0.000010 0.912550
0.058527 0.031455 0.000010 0.910008
0.052973 0.024430 0.002485 0.920111
0.060251 0.030203 0.000010 0.909536
0.043474 0.036640 0.000010 0.919876
0.045395 0.047704 0.000010 0.906891
0.055298 0.028350 0.003201 0.913151
0.057786 0.044255 0.000010 0.897948
0.056703 0.018472 0.000010 0.924815
0.039497 0.030753 0.000010 0.929740
0.040065 0.048489 0.000010 0.911437
0.060591 0.041802 0.000010 0.897597
0.050410 0.025559 0.001237 0.922794
0.041850 0.045570 0.001353 0.911226
0.040603 0.020763 0.007846 0.930788
0.054448 0.005546 0.000010 0.939996
0.051216 0.013376 0.004783 0.930625
0.030252 0.062116 0.005284 0.902348
0.052499 0.005335 0.000010 0.942156
0.038915 0.023971 0.000010 0.937104
0.045159 0.027144 0.000010 0.927686
0.045471 0.025424 0.000010 0.929095
0.050895 0.023207 0.008486 0.917412
0.213165 0.676906 0.010164 0.099764
0.205489 0.672711 0.000537 0.121263
0.198161 0.801819 0.000010 0.000010
0.211625 0.788355 0.000010 0.000010
0.185453 0.604110 0.000010 0.210427
0.214254 0.782389 0.003347 0.000010
0.208171 0.688693 0.000919 0.102217
0.224788 0.775192 0.000010 0.000010
0.190529 0.655529 0.006190 0.147752
0.194182 0.779094 0.000790 0.025933
0.149944 0.604582 0.000010 0.245464
0.220041 0.779939 0.000010 0.000010
0.218353 0.781627 0.000010 0.000010
0.167092 0.622418 0.000010 0.210480
0.225064 0.767438 0.007488 0.000010
0.206171 0.682570 0.007532 0.103727
0.207502 0.792478 0.000010 0.000010
0.202664 0.782841 0.000010 0.014485
0.152787 0.589502 0.002010 0.255701
0.216072 0.783905 0.000013 0.000010
0.169931 0.626444 0.000010 0.203615
0.202225 0.638390 0.003298 0.156087
0.209158 0.790822 0.000010 0.000010
0.216547 0.779682 0.000010 0.003761
0.198210 0.783822 0.002834 0.015134
0.209705 0.776777 0.000010 0.013508
0.224824 0.663141 0.004325 0.107711
0.154716 0.649811 0.010663 0.184810
0.208709 0.697994 0.000010 0.093287
0.223522 0.774118 0.002351 0.000010
0.192893 0.641373 0.001413 0.164320
0.213363 0.700528 0.002387 0.083721
0.214973 0.785007 0.000010 0.000010
0.197670 0.793084 0.000010 0.009236
0.196936 0.619834 0.003100 0.180130
0.217799 0.775640 0.000010 0.006552
0.188357 0.695371 0.004745 0.111527
0.205653 0.688059 0.000010 0.106278
0.214298 0.785682 0.000010 0.000010
0.255935 0.725741 0.013119 0.005206
0.182053 0.629596 0.005073 0.183278
0.220570 0.772935 0.000010 0.006485
0.192962 0.630887 0.000010 0.176141
0.219610 0.679892 0.007901 0.092598
0.228302 0.771678 0.000010 0.000010
0.205739 0.702404 0.007444 0.084414
0.169473 0.598238 0.000010 0.232279
0.214512 0.708787 0.006877 0.069825
0.250064 0.703295 0.022688 0.023953
0.194746 0.626990 0.001692 0.176572
0.241197 0.693418 0.018302 0.047084
0.165512 0.598913 0.010578 0.224997
0.222395 0.749010 0.002069 0.026526
0.227061 0.759749 0.000010 0.013180
0.220353 0.777997 0.000010 0.001641
0.216571 0.768273 0.000010 0.015146
0.197630 0.802295 0.000065 0.000010
0.208242 0.785324 0.006424 0.000010
0.209417 0.770766 0.004735 0.015081
0.217191 0.695711 0.002982 0.084117
0.218706 0.781274 0.000010 0.000010
0.214660 0.782320 0.003010 0.000010
0.225846 0.739383 0.005116 0.029655
0.210956 0.703628 0.005744 0.079672
0.222756 0.775663 0.001571 0.000010
0.196815 0.776421 0.000010 0.026754
0.211984 0.787788 0.000218 0.000010
0.225891 0.739622 0.000130 0.034357
0.195908 0.791117 0.003200 0.009776
0.216276 0.777781 0.005932 0.000010
0.219580 0.780400 0.000010 0.000010
0.219805 0.726693 0.001600 0.051902
0.214187 0.785270 0.000010 0.000533
0.202129 0.797851 0.000010 0.000010
0.170366 0.640217 0.003672 0.185746
0.200835 0.799145 0.000010 0.000010
0.221648 0.764947 0.000010 0.013395
0.226445 0.767163 0.000010 0.006382
0.215200 0.784780 0.000010 0.000010
0.208199 0.757466 0.001541 0.032794
0.211953 0.785552 0.000010 0.002485
0.227500 0.701974 0.000733 0.069793
0.215749 0.757436 0.003099 0.023715
0.211907 0.781112 0.000010 0.006971
0.200218 0.799762 0.000010 0.000010
0.213192 0.699399 0.000010 0.087400
0.225771 0.774209 0.000010 0.000010
0.203425 0.796555 0.000010 0.000010
0.207523 0.787444 0.005023 0.000010
0.223216 0.776764 0.000010 0.000010
0.219945 0.777606 0.002439 0.000010
0.206682 0.790110 0.000010 0.003198
0.216710 0.777927 0.005354 0.000010
0.209960 0.777005 0.004194 0.008841
0.217040 0.782940 0.000010 0.000010
0.203943 0.766664 0.000010 0.029384
0.219676 0.772162 0.000010 0.008153
0.199677 0.798622 0.000010 0.001691
0.206865 0.793115 0.000010 0.000010
0.202023 0.797957 0.000010 0.000010
0.216389 0.783591 0.000010 0.000010
0.222208 0.777772 0.000010 0.000010
0.211218 0.788762 0.000010 0.000010
0.222917 0.777063 0.000010 0.000010
0.001544 0.141351 0.018585 0.838519
0.016610 0.159923 0.015627 0.807841
0.017800 0.179299 0.007593 0.795308
0.020377 0.097617 0.015772 0.866234
0.020945 0.118341 0.009269 0.851445
0.010066 0.131293 0.010356 0.848285
0.020542 0.098819 0.014486 0.866153
0.011146 0.126036 0.016799 0.846018
0.011292 0.105152 0.011777 0.871779
0.022290 0.106637 0.018148 0.852924
0.020861 0.148922 0.007759 0.822458
0.004112 0.114923 0.011620 0.869345
0.017428 0.125999 0.012495 0.844078
0.008425 0.145325 0.007387 0.838863
0.031410 0.102039 0.013234 0.853317
0.022724 0.106792 0.016517 0.853967
0.019000 0.162424 0.020905 0.797672
0.011285 0.204169 0.003774 0.780772
0.007906 0.166226 0.007985 0.817883
0.026166 0.109625 0.003305 0.860905
0.030549 0.157249 0.016241 0.795961
0.022001 0.117643 0.011995 0.848360
0.000010 0.186942 0.017824 0.795224
0.021628 0.162921 0.006362 0.809090
0.034533 0.098399 0.006939 0.860129
0.011172 0.103823 0.015976 0.869029
0.025522 0.141101 0.013451 0.819926
0.011262 0.147491 0.013715 0.827533
0.029161 0.117220 0.004682 0.848937
