0.186078 0.609662 0.025682 0.091062 0.087516
0.143847 0.600969 0.025758 0.161391 0.068035
0.115890 0.607624 0.021517 0.120072 0.134897
0.145198 0.259778 0.021923 0.263594 0.309506
0.102351 0.302496 0.000010 0.254187 0.340955
0.188117 0.232149 0.000010 0.279505 0.300219
0.058740 0.304187 0.000010 0.220732 0.416331
0.119876 0.264200 0.007154 0.272322 0.336448
0.100277 0.306542 0.013915 0.320065 0.259202
0.115265 0.216871 0.028258 0.301470 0.338136
0.005118 0.299709 0.028984 0.274365 0.391824
0.047705 0.277574 0.002557 0.236289 0.435875
0.095254 0.292525 0.037126 0.300463 0.274633
0.116321 0.271697 0.010546 0.184261 0.417175
0.027199 0.282792 0.017448 0.379374 0.293187
0.061053 0.252985 0.000010 0.362159 0.323793
0.070189 0.229009 0.004095 0.324761 0.371946
0.064803 0.242126 0.033303 0.317772 0.341996
0.106110 0.325017 0.026652 0.264999 0.277222
0.185753 0.233884 0.009718 0.339838 0.230807
0.092515 0.279601 0.018687 0.263239 0.345958
0.024659 0.311818 0.011628 0.390694 0.261202
0.038441 0.299969 0.014300 0.291365 0.355926
0.117113 0.245716 0.018496 0.320435 0.298239
0.028857 0.269993 0.005294 0.331329 0.364528
0.071246 0.271819 0.013665 0.348578 0.294692
0.167261 0.235001 0.023936 0.312541 0.261261
0.089089 0.243208 0.000010 0.428621 0.239072
0.121502 0.266647 0.011688 0.339654 0.260509
0.148039 0.221245 0.005577 0.396218 0.228921
0.078968 0.269728 0.013403 0.295325 0.342577
0.011204 0.211536 0.015541 0.382145 0.379574
0.039068 0.237831 0.004780 0.330676 0.387645
0.043008 0.313474 0.011010 0.225242 0.407265
0.130553 0.280891 0.003403 0.345463 0.239690
0.147835 0.294124 0.014204 0.308925 0.234912
0.147462 0.250645 0.000010 0.352007 0.249876
0.149884 0.207129 0.010161 0.202072 0.430754
0.183443 0.558471 0.013307 0.214256 0.030522
0.084776 0.640548 0.010509 0.187284 0.076883
0.051470 0.613859 0.036472 0.189652 0.108548
0.126043 0.586471 0.030463 0.204863 0.052160
0.126914 0.582032 0.018636 0.226752 0.045666
0.120512 0.581788 0.016513 0.165435 0.115753
0.156064 0.592552 0.000010 0.205761 0.045614
0.103865 0.480749 0.007421 0.297058 0.110907
0.127363 0.625177 0.015558 0.175842 0.056059
0.237841 0.561483 0.029630 0.108968 0.062078
0.079490 0.612769 0.037863 0.163119 0.106759
0.140904 0.558327 0.017321 0.193907 0.089540
0.112604 0.626468 0.023918 0.183948 0.053062
0.040201 0.655876 0.000010 0.185589 0.118324
0.105317 0.591481 0.025806 0.227788 0.049609
0.084804 0.641294 0.039140 0.177904 0.056857
0.007592 0.224739 0.022871 0.360399 0.384399
0.034044 0.272940 0.016184 0.319179 0.357654
0.000010 0.286501 0.040412 0.318097 0.354981
0.096730 0.269614 0.026999 0.311329 0.295327
0.160645 0.310889 0.011143 0.344251 0.173072
0.000010 0.312231 0.002686 0.350003 0.335070
0.009127 0.326760 0.000010 0.284972 0.379130
0.093033 0.278761 0.020166 0.323020 0.285019
0.053291 0.270023 0.000010 0.286139 0.390538
0.049340 0.344138 0.010652 0.243204 0.352666
0.016815 0.297697 0.012802 0.343035 0.329651
0.064539 0.302515 0.000010 0.317033 0.315902
0.123292 0.235194 0.018939 0.271071 0.351504
0.038026 0.215996 0.025723 0.362545 0.357710
0.084024 0.326124 0.005567 0.275158 0.309126
0.035648 0.294892 0.033326 0.347512 0.288622
0.058236 0.274782 0.008652 0.309176 0.349155
0.116282 0.300528 0.006667 0.340338 0.236185
0.052789 0.306702 0.030106 0.261945 0.348458
0.039383 0.259474 0.007809 0.322374 0.370961
0.076589 0.268623 0.018876 0.232752 0.403160
0.103212 0.318762 0.004009 0.309921 0.264096
0.072024 0.255690 0.023450 0.337670 0.311166
0.025206 0.270125 0.011359 0.289157 0.404153
0.154942 0.272178 0.005262 0.344658 0.222959
0.000010 0.211052 0.009268 0.359410 0.420260
0.042013 0.324013 0.022677 0.349029 0.262268
0.161928 0.275866 0.000010 0.312062 0.250133
0.029053 0.251569 0.027478 0.350348 0.341552
0.083848 0.249743 0.001963 0.259248 0.405198
0.151245 0.470512 0.010425 0.040865 0.326953
0.176240 0.546811 0.010843 0.008131 0.257975
0.220059 0.430941 0.006726 0.024485 0.317789
0.105502 0.555695 0.005932 0.080879 0.251992
0.191947 0.474021 0.000010 0.074738 0.259284
0.182906 0.460905 0.000010 0.022331 0.333848
0.207409 0.507216 0.024295 0.015691 0.245389
0.130003 0.508820 0.000010 0.067061 0.294106
0.123041 0.578092 0.006376 0.026743 0.265748
0.072192 0.520850 0.011696 0.169261 0.226001
0.245303 0.379442 0.021899 0.055846 0.297510
0.166714 0.424381 0.017138 0.069393 0.322374
0.131590 0.494788 0.001242 0.085783 0.286597
0.130085 0.514865 0.009130 0.054879 0.291040
0.148663 0.417608 0.011457 0.058498 0.363773
0.158598 0.493735 0.014701 0.081323 0.251643
0.132035 0.540423 0.006343 0.107061 0.214138
0.068253 0.543894 0.055001 0.117517 0.215334
0.111172 0.510432 0.056155 0.116045 0.206197
0.122777 0.506353 0.042105 0.216647 0.112117
0.131402 0.511660 0.040386 0.090636 0.225915
0.146164 0.558605 0.044062 0.110603 0.140566
0.180731 0.527829 0.020974 0.095485 0.174981
0.147691 0.487445 0.057302 0.107366 0.200195
0.182821 0.479356 0.047304 0.116271 0.174248
0.172801 0.517107 0.038796 0.083901 0.187395
0.095337 0.509757 0.067616 0.096782 0.230508
0.149127 0.490927 0.009420 0.120462 0.230064
0.227233 0.462864 0.038899 0.126491 0.144513
0.147046 0.485105 0.042515 0.123109 0.202226
0.186311 0.446082 0.064845 0.173962 0.128800
0.037863 0.647580 0.051195 0.187498 0.075864
0.122282 0.602152 0.018139 0.183990 0.073437
0.155501 0.549474 0.017930 0.215494 0.061601
0.110711 0.000010 0.014630 0.590981 0.283667
0.135115 0.010521 0.028991 0.633926 0.191447
0.143972 0.000010 0.007072 0.622234 0.226712
0.107059 0.006348 0.035962 0.650631 0.200000
0.079041 0.000010 0.001051 0.593546 0.326352
0.147502 0.000010 0.033621 0.632508 0.186359
0.048924 0.042138 0.010772 0.624427 0.273739
0.164018 0.001965 0.004486 0.591110 0.238421
0.086992 0.000010 0.000010 0.608163 0.304825
0.106517 0.015342 0.008844 0.673953 0.195344
0.041191 0.000010 0.025360 0.674471 0.258967
0.131023 0.024792 0.000010 0.590721 0.253454
0.124019 0.000010 0.000010 0.644577 0.231384
0.083847 0.029402 0.017534 0.681400 0.187817
0.114943 0.043694 0.000010 0.598692 0.242661
0.017569 0.031239 0.015690 0.657310 0.278192
0.070959 0.000010 0.003638 0.599229 0.326164
0.112283 0.001815 0.036772 0.566990 0.282140
0.117454 0.000010 0.000010 0.622224 0.260302
0.043174 0.003517 0.000010 0.644667 0.308631
0.009634 0.000010 0.000010 0.621485 0.368861
0.150892 0.000010 0.000010 0.645800 0.203289
0.001491 0.000010 0.000010 0.616377 0.382112
0.107989 0.253130 0.016725 0.554317 0.067839
0.066595 0.309605 0.000010 0.506127 0.117663
0.068786 0.255119 0.000010 0.562065 0.114019
0.065123 0.223362 0.016767 0.583549 0.111199
0.087359 0.271179 0.000545 0.499032 0.141884
0.000010 0.331807 0.010477 0.546365 0.111340
0.000010 0.269825 0.017343 0.533303 0.179519
0.063757 0.238172 0.000010 0.540818 0.157243
0.096762 0.289055 0.005611 0.551116 0.057455
0.046040 0.245491 0.006264 0.565607 0.136598
0.027173 0.377824 0.000010 0.538448 0.056546
0.160986 0.259325 0.003772 0.501091 0.074826
0.021967 0.268500 0.016301 0.590805 0.102426
0.070992 0.252957 0.006923 0.508735 0.160393
0.051710 0.264222 0.026840 0.209707 0.447520
0.107866 0.259298 0.000827 0.194520 0.437489
0.091912 0.302910 0.027308 0.202216 0.375654
0.062281 0.264301 0.026326 0.185551 0.461541
0.110595 0.331935 0.018086 0.186557 0.352827
0.058669 0.248934 0.016548 0.256674 0.419175
0.160914 0.245513 0.023666 0.150903 0.419005
0.026731 0.336500 0.022704 0.244160 0.369906
0.111278 0.257810 0.032825 0.205305 0.392782
0.041739 0.250981 0.012226 0.263284 0.431771
0.127935 0.215976 0.026802 0.301467 0.327821
0.122144 0.239663 0.033366 0.223990 0.380838
0.139130 0.286462 0.000010 0.252351 0.322046
0.125108 0.260483 0.045446 0.214304 0.354658
0.169355 0.207271 0.012829 0.248488 0.362057
0.043721 0.325772 0.029252 0.221086 0.380169
0.205045 0.169140 0.016790 0.197720 0.411305
0.106229 0.271173 0.016008 0.274903 0.331686
0.082065 0.190528 0.012708 0.331740 0.382960
0.090553 0.256846 0.011359 0.340162 0.301081
0.054746 0.257298 0.004312 0.331894 0.351750
0.008940 0.311812 0.043000 0.286577 0.349672
0.038658 0.292986 0.000010 0.305976 0.362370
0.000010 0.308356 0.020024 0.293276 0.378333
0.025102 0.346262 0.016481 0.320512 0.291643
0.090985 0.267333 0.038986 0.305676 0.297020
0.063175 0.299782 0.005106 0.268467 0.363471
0.059208 0.259855 0.019502 0.305056 0.356380
0.109785 0.262936 0.009936 0.333169 0.284173
0.105124 0.215347 0.019169 0.344926 0.315435
0.024696 0.268297 0.007683 0.364552 0.334772
0.000010 0.329121 0.015460 0.344776 0.310633
0.023264 0.279549 0.004237 0.320908 0.372041
0.077711 0.256873 0.018219 0.601744 0.045453
0.055131 0.221967 0.003345 0.629521 0.090035
0.029343 0.273495 0.000010 0.612725 0.084427
0.006879 0.307717 0.009820 0.462449 0.213136
0.096874 0.243412 0.028840 0.570777 0.060097
0.037055 0.286293 0.008636 0.596871 0.071145
0.094559 0.195160 0.030917 0.597352 0.082012
0.089418 0.308708 0.000010 0.468510 0.133355
0.066330 0.237831 0.000010 0.615584 0.080244
0.078777 0.226691 0.012275 0.526104 0.156153
0.008375 0.331678 0.000010 0.562115 0.097823
0.000010 0.303490 0.000010 0.521977 0.174513
0.099612 0.250214 0.000609 0.567914 0.081651
0.103088 0.259944 0.000010 0.536761 0.100197
0.078435 0.319098 0.016762 0.573056 0.012650
0.021865 0.256108 0.012984 0.560242 0.148802
0.032049 0.287309 0.009844 0.600974 0.069824
0.093109 0.277729 0.010710 0.592942 0.025508
0.030342 0.286246 0.017263 0.624687 0.041461
0.009287 0.285920 0.007894 0.545077 0.151823
0.054651 0.258512 0.020217 0.563998 0.102622
0.094398 0.235317 0.037208 0.620943 0.012135
0.061257 0.273715 0.000010 0.358183 0.306835
0.058201 0.277737 0.023979 0.530477 0.109606
0.054401 0.296141 0.006852 0.459409 0.183197
0.043236 0.302647 0.011976 0.579096 0.063044
0.089971 0.275916 0.021438 0.612666 0.000010
0.102052 0.246474 0.003726 0.614374 0.033373
0.040016 0.189824 0.014063 0.597021 0.159076
0.064448 0.324616 0.026689 0.575738 0.008509
0.101130 0.279339 0.012295 0.537118 0.070118
0.082476 0.252164 0.008521 0.497812 0.159028
0.058918 0.266321 0.026048 0.530334 0.118378
0.074193 0.318234 0.000010 0.525331 0.082233
0.143867 0.195055 0.002097 0.580866 0.078115
0.052174 0.326144 0.016628 0.515621 0.089433
0.075659 0.261558 0.013305 0.504444 0.145035
0.000010 0.324791 0.014866 0.542808 0.117526
0.051556 0.289451 0.000010 0.611715 0.047268
0.048083 0.249800 0.000010 0.530187 0.171920
0.100201 0.254313 0.000010 0.590753 0.054722
0.024080 0.290827 0.000010 0.553701 0.131382
0.000010 0.312558 0.006328 0.583394 0.097710
0.010701 0.310226 0.006663 0.124860 0.547550
0.000010 0.313746 0.019640 0.181925 0.484679
0.028353 0.238110 0.014235 0.215412 0.503890
0.061916 0.270482 0.024984 0.216470 0.426148
0.084947 0.212391 0.023569 0.149832 0.529260
0.004764 0.303075 0.007070 0.162264 0.522827
0.007574 0.238338 0.016391 0.123097 0.614599
0.000010 0.298262 0.013968 0.198397 0.489363
0.000010 0.289253 0.009727 0.184201 0.516810
0.024023 0.258186 0.000323 0.244668 0.472800
0.000010 0.320294 0.000010 0.122323 0.557364
0.000010 0.294031 0.000010 0.208873 0.497076
0.019696 0.264769 0.021437 0.238931 0.455167
0.000010 0.322357 0.024054 0.159480 0.494099
0.121452 0.233282 0.014936 0.166585 0.463745
0.055569 0.339969 0.019214 0.240901 0.344348
0.074986 0.342754 0.001673 0.274415 0.306172
0.000010 0.318941 0.024713 0.132037 0.524299
0.016888 0.311899 0.000681 0.225576 0.444956
0.310390 0.294334 0.042638 0.046893 0.305745
0.171598 0.602855 0.094583 0.080547 0.050418
0.254978 0.288180 0.021461 0.039761 0.395620
0.099074 0.651710 0.108069 0.053929 0.087218
0.563111 0.197033 0.007681 0.078495 0.153680
0.999547 0.000423 0.000010 0.000010 0.000010
0.612043 0.160009 0.031150 0.041907 0.154892
0.738569 0.153840 0.000010 0.019897 0.087684
0.573270 0.127165 0.044358 0.129838 0.125368
0.209033 0.367638 0.049872 0.000010 0.373447
0.588189 0.172525 0.024103 0.040069 0.175114
0.781408 0.091941 0.042801 0.017710 0.066139
0.289832 0.255631 0.058010 0.024647 0.371879
0.999960 0.000010 0.000010 0.000010 0.000010
0.930058 0.034011 0.000010 0.035911 0.000010
0.376747 0.243098 0.052786 0.024775 0.302594
0.582065 0.148960 0.037372 0.039667 0.191936
0.690451 0.160365 0.023732 0.000010 0.125442
0.678627 0.117252 0.021438 0.000010 0.182673
0.929753 0.006228 0.000010 0.000010 0.063998
0.999960 0.000010 0.000010 0.000010 0.000010
0.188893 0.270040 0.084572 0.037656 0.418838
0.831788 0.048050 0.005154 0.024642 0.090365
0.442257 0.228762 0.037178 0.078547 0.213256
0.121220 0.332340 0.044091 0.043294 0.459055
0.425099 0.230508 0.029824 0.058623 0.255945
0.999960 0.000010 0.000010 0.000010 0.000010
0.351922 0.261569 0.026264 0.014882 0.345363
0.998280 0.001690 0.000010 0.000010 0.000010
0.366530 0.215412 0.066065 0.069973 0.282020
0.461851 0.233768 0.010057 0.000010 0.294314
0.142696 0.373249 0.041362 0.050777 0.391916
0.874485 0.071202 0.031093 0.000010 0.023210
0.999960 0.000010 0.000010 0.000010 0.000010
0.840028 0.060310 0.000010 0.000010 0.099642
0.461703 0.221691 0.044256 0.052854 0.219496
0.646823 0.104577 0.025436 0.145136 0.078029
0.211318 0.352058 0.038912 0.051064 0.346648
0.473220 0.200607 0.038292 0.000010 0.287871
0.724407 0.131034 0.019703 0.044933 0.079924
0.222445 0.326047 0.034744 0.018434 0.398330
0.550403 0.187255 0.046904 0.000010 0.215429
0.234279 0.264782 0.043608 0.066644 0.390687
0.944041 0.000010 0.000010 0.033803 0.022136
0.437619 0.173473 0.042095 0.025505 0.321307
0.096908 0.242799 0.037392 0.276016 0.346886
0.067575 0.316705 0.028355 0.192351 0.395015
0.111090 0.229142 0.028669 0.202018 0.429081
0.138285 0.252921 0.014227 0.227800 0.366768
0.204244 0.186270 0.058050 0.213785 0.337652
0.085418 0.265678 0.021204 0.246622 0.381078
0.173792 0.252916 0.018435 0.197748 0.357108
0.075370 0.303797 0.034843 0.234040 0.351950
0.115833 0.271874 0.037520 0.277838 0.296935
0.116727 0.331958 0.016251 0.199944 0.335120
0.066224 0.222281 0.037659 0.291904 0.381932
0.072634 0.303328 0.030270 0.280401 0.313367
0.129125 0.233152 0.030633 0.208471 0.398619
0.032677 0.238104 0.014820 0.212533 0.501866
0.069879 0.248314 0.013163 0.207817 0.460827
0.007038 0.350638 0.000378 0.241924 0.400021
0.000010 0.371529 0.000392 0.295781 0.332289
0.088170 0.306516 0.003930 0.295135 0.306250
0.005281 0.334721 0.000010 0.287904 0.372084
0.046327 0.295102 0.024090 0.310062 0.324420
0.023816 0.268289 0.004967 0.341818 0.361110
0.111471 0.225435 0.000010 0.364073 0.299011
0.000010 0.257458 0.002891 0.296054 0.443587
0.120451 0.276141 0.018779 0.334355 0.250275
0.000010 0.297227 0.031942 0.296618 0.374203
0.000010 0.317852 0.008857 0.295149 0.378132
0.056048 0.218579 0.026509 0.312577 0.386286
0.096866 0.349333 0.013056 0.265116 0.275629
0.072067 0.322788 0.000010 0.231575 0.373560
0.025668 0.294929 0.005896 0.301486 0.372021
0.038783 0.314000 0.000010 0.250404 0.396804
0.095425 0.285130 0.002963 0.254571 0.361911
0.085237 0.251573 0.000010 0.293561 0.369619
0.012771 0.301339 0.028475 0.307850 0.349565
0.000010 0.239857 0.000010 0.328503 0.431620
0.072903 0.266216 0.004677 0.292463 0.363741
0.037497 0.311655 0.000010 0.319212 0.331627
0.099906 0.343063 0.020563 0.308895 0.227574
0.070801 0.303694 0.003666 0.318314 0.303525
0.154957 0.262453 0.017769 0.273753 0.291068
0.093061 0.231865 0.065030 0.310934 0.299110
0.069511 0.258007 0.004478 0.319301 0.348702
0.088408 0.221970 0.034860 0.300421 0.354341
0.000010 0.283984 0.021042 0.402836 0.292127
0.047178 0.297708 0.001604 0.333388 0.320123
0.069248 0.301865 0.034311 0.301815 0.292762
0.078900 0.250333 0.005055 0.307916 0.357796
0.118650 0.258951 0.013047 0.308813 0.300537
0.047477 0.323288 0.009729 0.330418 0.289088
0.075792 0.231515 0.030102 0.311981 0.350610
0.027403 0.328671 0.010864 0.310986 0.322077
0.046753 0.257844 0.019061 0.323713 0.352630
0.114373 0.202326 0.000010 0.355991 0.327300
0.095186 0.352416 0.016765 0.330126 0.205507
0.071778 0.287567 0.000010 0.337164 0.303481
0.126570 0.259266 0.025853 0.339940 0.248371
0.048230 0.288428 0.038028 0.321025 0.304289
0.052827 0.261457 0.001231 0.426467 0.258019
0.046708 0.218493 0.016855 0.635242 0.082703
0.016254 0.164862 0.034738 0.545604 0.238542
0.130789 0.134165 0.009383 0.571046 0.154617
0.038505 0.269067 0.000999 0.546483 0.144946
0.080706 0.231471 0.011427 0.626876 0.049520
0.097531 0.169318 0.003442 0.562147 0.167562
0.000010 0.194116 0.007394 0.604708 0.193771
0.026203 0.174555 0.000010 0.635618 0.163614
0.111335 0.174509 0.025807 0.613227 0.075121
0.040039 0.252372 0.029657 0.481562 0.196370
0.117557 0.150791 0.006210 0.566685 0.158756
0.049312 0.220127 0.003101 0.476732 0.250727
0.086300 0.177230 0.002312 0.589455 0.144703
0.061043 0.251991 0.000010 0.586486 0.100470
0.000010 0.229461 0.013491 0.508056 0.248981
0.102609 0.243958 0.016666 0.580312 0.056455
0.072718 0.168751 0.006491 0.638095 0.113946
0.081957 0.198090 0.010663 0.564405 0.144885
0.210938 0.107471 0.003050 0.530961 0.147581
0.165213 0.134359 0.016312 0.568599 0.115517
0.115895 0.250292 0.000010 0.633792 0.000010
0.020246 0.223749 0.005063 0.599704 0.151237
0.017219 0.290049 0.018761 0.594531 0.079440
0.076337 0.146284 0.000010 0.558447 0.218922
0.016946 0.153572 0.011654 0.471587 0.346240
0.068339 0.214782 0.027997 0.515427 0.173456
0.014483 0.198613 0.040532 0.521002 0.225369
0.105634 0.566731 0.005563 0.122288 0.199784
0.137435 0.547919 0.016143 0.000010 0.298492
0.113288 0.553526 0.000010 0.115409 0.217767
0.072317 0.579496 0.028887 0.069479 0.249822
0.120608 0.599771 0.000010 0.050766 0.228845
0.116792 0.599956 0.009980 0.021169 0.252103
0.139742 0.587458 0.000010 0.051960 0.220830
0.085949 0.566300 0.004215 0.083465 0.260071
0.100327 0.665679 0.012328 0.096707 0.124959
0.122168 0.595332 0.000010 0.085519 0.196971
0.177677 0.526625 0.005357 0.063942 0.226400
0.088740 0.660527 0.014891 0.060751 0.175091
0.071086 0.602915 0.027748 0.040198 0.258052
0.198453 0.539393 0.009012 0.034795 0.218346
0.167842 0.602750 0.017356 0.074624 0.137428
0.063468 0.632831 0.003275 0.092017 0.208409
0.108621 0.647708 0.018929 0.066036 0.158706
0.179516 0.582564 0.012565 0.075365 0.149989
0.056112 0.616763 0.021535 0.069750 0.235840
0.041835 0.617451 0.003787 0.023005 0.313923
0.122007 0.664493 0.010792 0.116439 0.086269
0.213716 0.562274 0.030462 0.128477 0.065071
0.177427 0.684516 0.000010 0.000010 0.138037
0.091566 0.544162 0.000010 0.236669 0.127593
0.162511 0.626799 0.000010 0.052018 0.158661
0.082616 0.688096 0.000010 0.078230 0.151048
0.140167 0.663910 0.000010 0.000010 0.195904
0.169791 0.629279 0.003533 0.025552 0.171844
0.000010 0.631386 0.024043 0.205845 0.138716
0.109551 0.217851 0.016009 0.582301 0.074288
0.062071 0.266044 0.010618 0.661257 0.000010
0.038725 0.287238 0.004959 0.621328 0.047750
0.112223 0.174811 0.015688 0.624827 0.072451
0.070907 0.210953 0.027778 0.636931 0.053431
0.050331 0.282646 0.006152 0.660861 0.000010
0.042125 0.267212 0.013745 0.616069 0.060850
0.066731 0.238265 0.028508 0.666486 0.000010
0.039884 0.260036 0.007683 0.560680 0.131717
0.073944 0.258284 0.016689 0.641697 0.009386
0.066234 0.284902 0.000010 0.648844 0.000010
0.028308 0.271035 0.013975 0.616580 0.070102
0.065816 0.232392 0.020823 0.680959 0.000010
0.056239 0.271036 0.002921 0.669795 0.000010
0.053320 0.254878 0.015068 0.676723 0.000010
0.083030 0.261360 0.020689 0.596087 0.038834
0.071994 0.228831 0.018810 0.680065 0.000300
0.050420 0.241924 0.039281 0.624312 0.044064
0.099217 0.268832 0.014236 0.617704 0.000010
0.047964 0.291203 0.014175 0.646647 0.000010
0.048141 0.238360 0.012398 0.701092 0.000010
0.124664 0.229263 0.000010 0.646053 0.000010
0.086199 0.220077 0.010252 0.574025 0.109447
0.041665 0.237878 0.022346 0.622387 0.075724
0.086947 0.203069 0.015651 0.666371 0.027963
0.025840 0.245153 0.037091 0.615005 0.076912
0.056968 0.271319 0.002889 0.668814 0.000010
0.028905 0.220126 0.029964 0.642659 0.078346
0.000010 0.204383 0.008105 0.558520 0.228981
0.086754 0.189403 0.001965 0.721868 0.000010
0.049575 0.266814 0.008214 0.675387 0.000010
0.062649 0.213681 0.028304 0.638956 0.056409
0.129370 0.228067 0.000010 0.560857 0.081695
0.032720 0.326310 0.020588 0.545124 0.075257
0.045763 0.277195 0.019061 0.281270 0.376711
0.061725 0.288672 0.002167 0.211604 0.435833
0.130578 0.284140 0.023944 0.300838 0.260500
0.071305 0.294679 0.003731 0.322105 0.308179
0.050272 0.308734 0.000010 0.340271 0.300712
0.000010 0.288549 0.002587 0.351980 0.356874
0.159217 0.256457 0.020258 0.335666 0.228402
0.092435 0.271406 0.004433 0.396216 0.235510
0.055555 0.237320 0.009804 0.323051 0.374270
0.000010 0.338323 0.037373 0.328470 0.295825
0.136821 0.291733 0.000010 0.288208 0.283228
0.063984 0.262644 0.013725 0.346374 0.313272
0.037763 0.259753 0.002968 0.321463 0.378053
0.115891 0.228256 0.004041 0.296022 0.355791
0.043858 0.244001 0.006490 0.335034 0.370617
0.000010 0.256776 0.025336 0.361980 0.355898
0.031359 0.318744 0.038227 0.268394 0.343276
0.035986 0.447952 0.000010 0.145595 0.370457
0.111064 0.259122 0.000010 0.289711 0.340093
0.081051 0.196721 0.000010 0.324141 0.398077
0.164358 0.275029 0.008195 0.341166 0.211251
0.086583 0.271467 0.008330 0.371312 0.262308
0.131234 0.299519 0.019199 0.180872 0.369177
0.115764 0.284681 0.000010 0.277741 0.321803
0.099633 0.274986 0.016443 0.342811 0.266127
0.074187 0.243286 0.016853 0.314914 0.350761
0.109416 0.319618 0.000010 0.290824 0.280133
0.061218 0.289770 0.017701 0.275540 0.355770
0.012205 0.282233 0.007708 0.308805 0.389049
0.130362 0.291143 0.013482 0.198725 0.366288
0.094576 0.520570 0.007984 0.060348 0.316521
0.064684 0.297311 0.009540 0.424134 0.204331
0.019832 0.362305 0.019051 0.354721 0.244092
0.102800 0.280566 0.000010 0.359756 0.256868
0.093202 0.320340 0.007537 0.204012 0.374908
0.113817 0.279958 0.044705 0.233144 0.328376
0.068131 0.373972 0.000010 0.373186 0.184701
0.048610 0.327488 0.004211 0.352378 0.267313
0.026121 0.312991 0.000010 0.391763 0.269115
0.000478 0.298585 0.015383 0.305763 0.379791
0.139938 0.211946 0.005025 0.341675 0.301416
0.145737 0.322880 0.026429 0.269788 0.235166
0.055752 0.297932 0.007083 0.300699 0.338534
0.032962 0.266761 0.019448 0.244199 0.436630
0.056607 0.271493 0.031640 0.265804 0.374457
0.000010 0.389494 0.012069 0.292366 0.306061
0.076705 0.319224 0.000010 0.310505 0.293556
0.072683 0.280369 0.006134 0.335688 0.305126
0.060336 0.278591 0.000389 0.367579 0.293106
0.055793 0.258348 0.011351 0.386482 0.288025
0.000010 0.283705 0.028740 0.332780 0.354765
0.071394 0.250395 0.000010 0.423721 0.254479
0.077641 0.296876 0.020376 0.400504 0.204603
0.043399 0.211034 0.019725 0.432153 0.293689
0.069910 0.261619 0.015941 0.357429 0.295101
0.100057 0.285269 0.010458 0.334388 0.269828
0.127250 0.234675 0.003022 0.580193 0.054860
0.065695 0.277937 0.018947 0.515999 0.121422
0.075779 0.237027 0.007229 0.608262 0.071703
0.049394 0.244782 0.000485 0.619463 0.085876
0.075416 0.252263 0.008819 0.557969 0.105534
0.000010 0.301366 0.020126 0.594076 0.084422
0.039281 0.295034 0.008661 0.591424 0.065599
0.104324 0.191683 0.015532 0.585691 0.102769
0.132690 0.192011 0.011548 0.556224 0.107528
0.079465 0.232892 0.003870 0.577899 0.105874
0.000010 0.270151 0.005989 0.596606 0.127244
0.000010 0.287745 0.000010 0.568505 0.143731
0.110259 0.321479 0.000010 0.542694 0.025558
0.004981 0.347441 0.018022 0.588590 0.040965
0.060000 0.335028 0.000010 0.570488 0.034474
0.038754 0.254636 0.005557 0.601997 0.099056
0.099938 0.238936 0.007884 0.570775 0.082466
0.091324 0.310388 0.003319 0.516486 0.078484
0.107262 0.218814 0.015005 0.604721 0.054197
0.010320 0.157554 0.035020 0.472141 0.324964
0.093935 0.087957 0.017092 0.467197 0.333819
0.076938 0.096486 0.012760 0.451075 0.362741
0.107974 0.110580 0.026416 0.480600 0.274429
0.099385 0.055170 0.025463 0.559154 0.260829
0.169936 0.032310 0.002359 0.553445 0.241950
0.140725 0.038089 0.040544 0.558391 0.222251
0.120442 0.099433 0.024753 0.577862 0.177510
0.023515 0.127609 0.038449 0.498167 0.312261
0.119927 0.137818 0.044045 0.478910 0.219300
0.154172 0.103703 0.031942 0.512903 0.197279
0.139917 0.116384 0.018611 0.526091 0.198996
0.133210 0.000010 0.023148 0.515203 0.328429
0.031656 0.154217 0.026413 0.480722 0.306992
0.043361 0.095762 0.016988 0.467007 0.376882
0.132403 0.094603 0.000010 0.483539 0.289446
0.041179 0.085077 0.033428 0.550107 0.290210
0.068920 0.121226 0.024694 0.511219 0.273942
0.064549 0.157433 0.015956 0.522799 0.239262
0.043001 0.142045 0.030607 0.463404 0.320944
0.115959 0.160621 0.016068 0.499695 0.207657
0.068659 0.163370 0.040216 0.460694 0.267061
0.059500 0.177745 0.041471 0.443054 0.278230
0.089038 0.047458 0.036341 0.505496 0.321668
0.080924 0.092253 0.022026 0.494830 0.309966
0.120791 0.077172 0.058440 0.415350 0.328248
0.099150 0.103240 0.006045 0.446332 0.345234
0.110313 0.124372 0.043263 0.501283 0.220768
0.057576 0.092120 0.052228 0.517939 0.280137
0.061117 0.121174 0.025848 0.517353 0.274508
0.169445 0.039757 0.019549 0.523656 0.247593
0.012679 0.213331 0.012761 0.490983 0.270246
0.037285 0.170423 0.012741 0.500690 0.278862
0.136018 0.092548 0.000010 0.402699 0.368725
0.034130 0.128717 0.045067 0.494617 0.297469
0.146450 0.028178 0.057348 0.473970 0.294054
0.065433 0.166184 0.031317 0.461281 0.275785
0.042065 0.139886 0.000010 0.558465 0.259574
0.038301 0.162595 0.035829 0.397801 0.365474
0.107442 0.110374 0.027665 0.446563 0.307955
0.103238 0.090181 0.055026 0.450338 0.301217
0.027083 0.149995 0.031753 0.456953 0.334217
0.097713 0.157073 0.034084 0.457190 0.253939
0.113312 0.092148 0.031817 0.546811 0.215912
0.116361 0.130759 0.029799 0.433641 0.289439
0.113623 0.175212 0.029779 0.468046 0.213339
0.109099 0.109699 0.020233 0.450914 0.310054
0.003391 0.194720 0.012867 0.503189 0.285834
0.139316 0.074969 0.027894 0.514012 0.243808
0.054865 0.114793 0.020909 0.524811 0.284623
0.123673 0.148331 0.023155 0.478070 0.226771
0.105159 0.084520 0.047045 0.490961 0.272315
0.044093 0.200639 0.026760 0.514251 0.214256
0.038849 0.171134 0.004698 0.518251 0.267068
0.070529 0.154353 0.025918 0.467674 0.281527
0.029207 0.155360 0.012138 0.543188 0.260107
0.044043 0.153973 0.005523 0.471445 0.325016
0.064301 0.133261 0.043221 0.473216 0.286001
0.087678 0.056470 0.006594 0.453054 0.396204
0.066323 0.191700 0.037658 0.462898 0.241421
0.090498 0.404370 0.178853 0.080763 0.245515
0.205110 0.499912 0.054511 0.090366 0.150100
0.170811 0.533899 0.059866 0.049144 0.186281
0.109940 0.564820 0.017028 0.124850 0.183361
0.080671 0.525018 0.048216 0.075218 0.270877
0.212278 0.397824 0.104328 0.057044 0.228527
0.121455 0.475608 0.191166 0.031941 0.179830
0.177596 0.471461 0.050167 0.162739 0.138038
0.153118 0.501144 0.088821 0.030455 0.226462
0.055855 0.575540 0.018999 0.111009 0.238597
0.201250 0.476119 0.044937 0.067567 0.210127
0.124156 0.385676 0.102056 0.061938 0.326174
0.173577 0.544987 0.020717 0.125808 0.134911
0.177204 0.475797 0.069497 0.124545 0.152957
0.092629 0.553835 0.047065 0.082664 0.223807
0.067270 0.579261 0.068526 0.054930 0.230012
0.135289 0.530866 0.062053 0.080257 0.191535
0.225987 0.415317 0.047798 0.098473 0.212426
0.126540 0.477830 0.077300 0.129045 0.189285
0.238314 0.253381 0.115106 0.000010 0.393190
0.166899 0.355198 0.062362 0.000010 0.415531
0.209493 0.353923 0.075831 0.000010 0.360744
0.111021 0.297417 0.107843 0.051862 0.431858
0.158027 0.311021 0.086324 0.013503 0.431124
0.232136 0.269163 0.103324 0.033538 0.361840
0.084251 0.432926 0.097171 0.019419 0.366233
0.122543 0.400549 0.079011 0.056264 0.341632
0.000010 0.154257 0.566120 0.000010 0.279603
0.161031 0.314819 0.097936 0.016652 0.409561
0.131758 0.304155 0.129647 0.000010 0.434431
0.174688 0.320772 0.104358 0.043259 0.356923
0.147307 0.408702 0.098697 0.031096 0.314198
0.185103 0.331040 0.080728 0.000010 0.403119
0.202579 0.282685 0.122550 0.071597 0.320589
0.194821 0.365744 0.096329 0.000010 0.343096
0.200588 0.307149 0.074840 0.000010 0.417414
0.219258 0.318468 0.070767 0.000010 0.391496
0.133137 0.310188 0.079369 0.000010 0.477297
0.215295 0.344504 0.094723 0.009921 0.335557
0.048609 0.280577 0.000010 0.374472 0.296333
0.050837 0.275093 0.000010 0.439557 0.234503
0.000010 0.248324 0.010425 0.397968 0.343273
0.000010 0.311846 0.004577 0.400877 0.282690
0.094625 0.242702 0.005629 0.424314 0.232730
0.078064 0.250738 0.018629 0.433944 0.218624
0.059106 0.321680 0.000010 0.339843 0.279361
0.087150 0.257541 0.000010 0.408363 0.246936
0.074679 0.295327 0.012661 0.380955 0.236378
0.016356 0.600603 0.040989 0.258171 0.083881
0.108286 0.578954 0.049400 0.248628 0.014732
0.160857 0.531267 0.021081 0.286785 0.000010
0.033999 0.321069 0.013349 0.305000 0.326582
0.046266 0.270125 0.003876 0.318175 0.361557
0.102106 0.258369 0.008906 0.322089 0.308530
0.044393 0.299970 0.028324 0.218779 0.408534
0.137505 0.229494 0.022934 0.362494 0.247574
0.003263 0.233984 0.010867 0.397944 0.353941
0.057165 0.224281 0.020330 0.297443 0.400780
0.067110 0.194002 0.012963 0.412462 0.313464
0.072892 0.289247 0.092130 0.212208 0.333523
0.093850 0.275168 0.010999 0.252030 0.367953
0.059332 0.260659 0.016960 0.300674 0.362375
0.038601 0.385140 0.005288 0.237371 0.333600
0.150998 0.262068 0.000010 0.288908 0.298017
0.083939 0.253047 0.006512 0.432149 0.224353
0.077590 0.291593 0.000010 0.347257 0.283550
0.063879 0.295271 0.005803 0.290021 0.345026
0.000010 0.321128 0.042028 0.374445 0.262388
0.088409 0.278061 0.028339 0.342853 0.262339
0.107859 0.258211 0.023595 0.230355 0.379981
0.103178 0.321237 0.000010 0.202955 0.372619
0.112288 0.252553 0.001758 0.278635 0.354766
0.051291 0.329505 0.014697 0.226144 0.378362
0.172318 0.354790 0.068248 0.036088 0.368557
0.129698 0.332478 0.049333 0.030757 0.457735
0.162757 0.415976 0.063077 0.043477 0.314713
0.170393 0.533992 0.031468 0.264137 0.000010
0.141785 0.560657 0.030856 0.201071 0.065632
0.038297 0.675712 0.024459 0.261522 0.000010
0.120593 0.655444 0.016382 0.207570 0.000010
0.135365 0.549848 0.028787 0.273678 0.012321
0.059591 0.653508 0.005838 0.229719 0.051345
0.056075 0.645930 0.019490 0.278495 0.000010
0.121081 0.568286 0.023441 0.263538 0.023654
0.132855 0.503719 0.022002 0.250190 0.091235
0.169263 0.533305 0.044591 0.209121 0.043721
0.096289 0.531520 0.021028 0.260531 0.090632
0.125995 0.597008 0.000010 0.261995 0.014992
0.163276 0.602961 0.013056 0.220696 0.000010
0.120188 0.540861 0.016574 0.305024 0.017352
0.154663 0.595173 0.039269 0.210885 0.000010
0.122929 0.528997 0.041605 0.256113 0.050356
0.041365 0.698469 0.016059 0.244097 0.000010
0.162322 0.565816 0.041431 0.230421 0.000010
0.125138 0.536210 0.011103 0.327539 0.000010
0.086458 0.201010 0.010685 0.393108 0.308739
0.004848 0.190948 0.014874 0.476689 0.312641
0.106870 0.130752 0.027100 0.436414 0.298864
0.045330 0.211258 0.008028 0.392753 0.342631
0.076015 0.140196 0.014565 0.406881 0.362343
0.101722 0.111991 0.029776 0.432783 0.323728
0.077742 0.199174 0.000010 0.413758 0.309316
0.107874 0.169678 0.000010 0.408750 0.313688
0.061409 0.229550 0.009220 0.354063 0.345759
0.027315 0.249089 0.002956 0.427529 0.293110
0.026934 0.148514 0.000010 0.427333 0.397209
0.013070 0.203462 0.009168 0.429815 0.344485
0.072252 0.308491 0.009677 0.355160 0.254420
0.044373 0.281216 0.018192 0.522293 0.133926
0.101441 0.251974 0.026541 0.469638 0.150406
0.061602 0.278450 0.026069 0.474360 0.159519
0.039585 0.275243 0.004858 0.395359 0.284954
0.069734 0.206539 0.000010 0.455725 0.267992
0.072991 0.241112 0.003793 0.400056 0.282047
0.008789 0.345862 0.002062 0.474087 0.169200
0.055074 0.289960 0.000010 0.517200 0.137756
0.066637 0.261431 0.007695 0.488429 0.175809
0.068229 0.259294 0.001220 0.473691 0.197565
0.076860 0.255193 0.021345 0.474137 0.172465
0.057905 0.335117 0.023619 0.450639 0.132720
0.025535 0.267556 0.026863 0.473810 0.206237
0.086159 0.265139 0.011823 0.347635 0.289244
0.061813 0.303138 0.021897 0.424251 0.188901
0.074590 0.263102 0.004125 0.308908 0.349275
0.059236 0.314271 0.009130 0.324295 0.293068
0.039444 0.273784 0.038115 0.297295 0.351362
0.059462 0.298585 0.000010 0.301402 0.340542
0.071983 0.250093 0.016754 0.317571 0.343599
0.105078 0.235163 0.000010 0.296767 0.362983
0.084166 0.270603 0.032086 0.266337 0.346808
0.095337 0.248808 0.032721 0.379604 0.243530
0.091764 0.262940 0.016176 0.308410 0.320710
0.034164 0.261998 0.022499 0.308465 0.372874
0.000010 0.323787 0.000010 0.348221 0.327972
0.027054 0.385982 0.000666 0.346649 0.239648
0.080404 0.279041 0.000010 0.305336 0.335209
0.111267 0.239277 0.018754 0.328281 0.302420
0.138446 0.237008 0.034889 0.266144 0.323513
0.156086 0.227248 0.010813 0.319053 0.286799
0.067276 0.283647 0.025713 0.301257 0.322108
0.085069 0.271380 0.001189 0.300936 0.341425
0.105085 0.231623 0.004684 0.304761 0.353846
0.068763 0.285757 0.004791 0.309820 0.330870
0.095753 0.238595 0.013609 0.342370 0.309672
0.098462 0.295019 0.010342 0.284858 0.311319
0.046934 0.347910 0.034153 0.338233 0.232770
0.000010 0.302617 0.016331 0.489143 0.191899
0.075078 0.245190 0.008048 0.557263 0.114421
0.053493 0.339170 0.014099 0.524043 0.069195
0.096633 0.286466 0.003005 0.523956 0.089939
0.077919 0.352088 0.009699 0.484744 0.075550
0.007752 0.312992 0.023487 0.509729 0.146040
0.028826 0.294551 0.027201 0.463903 0.185519
0.000010 0.283139 0.008463 0.485852 0.222536
0.002625 0.341765 0.012570 0.474945 0.168096
0.000010 0.289441 0.013933 0.493767 0.202849
0.050526 0.308892 0.000875 0.511828 0.127880
0.033852 0.312878 0.000010 0.521687 0.131573
0.083431 0.294568 0.000010 0.509082 0.112910
0.094094 0.232064 0.009117 0.533461 0.131264
0.044610 0.281100 0.000010 0.256451 0.417830
0.118732 0.244878 0.001280 0.347344 0.287766
0.074313 0.298324 0.000010 0.320315 0.307038
0.128840 0.285047 0.005672 0.259293 0.321147
0.129919 0.213135 0.026185 0.267518 0.363244
0.109967 0.290555 0.000010 0.257759 0.341709
0.000010 0.208757 0.007461 0.351342 0.432429
0.069890 0.266681 0.011762 0.323298 0.328369
0.052464 0.248917 0.000010 0.319879 0.378730
0.078421 0.587360 0.012007 0.191964 0.130248
0.050044 0.602830 0.056829 0.247837 0.042460
0.089736 0.596310 0.010523 0.177094 0.126336
0.189390 0.338997 0.032891 0.001169 0.437553
0.169996 0.338098 0.025986 0.000010 0.465911
0.155389 0.290158 0.115694 0.000010 0.438749
0.146230 0.247311 0.092966 0.000010 0.513483
0.222142 0.218783 0.090041 0.000010 0.469024
0.250680 0.221153 0.080555 0.000010 0.447601
0.176947 0.336604 0.051562 0.000010 0.434876
0.110807 0.368428 0.130719 0.000010 0.390036
0.134380 0.391775 0.101249 0.000010 0.372587
0.150400 0.316106 0.105064 0.000010 0.428420
0.122571 0.325016 0.135278 0.000010 0.417125
0.095502 0.399043 0.094141 0.000010 0.411304
0.136709 0.302467 0.078244 0.000010 0.482570
0.172920 0.334436 0.088862 0.000010 0.403773
0.191557 0.267322 0.100623 0.006256 0.434242
0.209363 0.274817 0.110827 0.000010 0.404983
0.100571 0.225517 0.231658 0.055070 0.387183
0.136261 0.290357 0.074257 0.042067 0.457057
0.194416 0.345976 0.072783 0.000010 0.386816
0.202220 0.300172 0.084414 0.061151 0.352044
0.223391 0.276895 0.093906 0.000010 0.405798
0.228335 0.214521 0.089145 0.111400 0.356599
0.142911 0.321588 0.111158 0.022243 0.402100
0.219198 0.288845 0.101970 0.031778 0.358210
0.225255 0.268047 0.117325 0.076015 0.313359
0.178029 0.273555 0.117943 0.000010 0.430463
0.211969 0.319932 0.077784 0.000010 0.390305
0.204069 0.325147 0.102125 0.000010 0.368649
0.179901 0.312065 0.068401 0.020639 0.418994
0.184093 0.289755 0.113325 0.000010 0.412817
0.268688 0.339040 0.043085 0.000010 0.349177
0.250943 0.185563 0.134535 0.014501 0.414458
0.251061 0.254119 0.102968 0.005134 0.386718
0.176697 0.274986 0.063448 0.000010 0.484859
0.280317 0.302986 0.097135 0.021919 0.297644
0.197086 0.230924 0.107938 0.000010 0.464042
0.143660 0.306371 0.106192 0.000058 0.443719
0.162150 0.283179 0.070381 0.000010 0.484281
0.154907 0.194904 0.151677 0.000010 0.498501
0.172221 0.318835 0.113915 0.000010 0.395019
0.195887 0.247700 0.092759 0.020932 0.442723
0.221851 0.326479 0.104533 0.018045 0.329092
0.205612 0.276848 0.159495 0.030058 0.327987
0.284106 0.298018 0.082802 0.000010 0.335064
0.247748 0.237370 0.120145 0.000010 0.394727
0.039414 0.293913 0.022228 0.156191 0.488254
0.057143 0.265241 0.000010 0.188519 0.489087
0.000010 0.336262 0.000010 0.286976 0.376741
0.000010 0.334421 0.023090 0.293665 0.348814
0.130371 0.230116 0.015369 0.215277 0.408866
0.065503 0.365351 0.006315 0.172227 0.390604
0.108742 0.286712 0.000010 0.169987 0.434550
0.000010 0.231503 0.017795 0.243810 0.506882
0.069801 0.287616 0.000010 0.267021 0.375552
0.111429 0.272927 0.012132 0.302716 0.300796
0.066572 0.316196 0.007906 0.190737 0.418589
0.070252 0.295330 0.000010 0.263340 0.371067
0.189814 0.169726 0.005760 0.279218 0.355481
0.000010 0.358568 0.011069 0.134819 0.495534
0.049038 0.311011 0.034289 0.280684 0.324978
0.103929 0.282594 0.030129 0.157852 0.425496
0.099536 0.241449 0.004995 0.330536 0.323484
0.101522 0.175717 0.027590 0.319589 0.375582
0.206198 0.203451 0.036216 0.210973 0.343162
0.103958 0.228125 0.036688 0.260616 0.370612
0.130853 0.191222 0.000978 0.286464 0.390484
0.053742 0.300285 0.000010 0.262620 0.383343
0.107380 0.256714 0.017603 0.232205 0.386098
0.065456 0.263600 0.042538 0.270797 0.357608
0.000010 0.307030 0.009174 0.245989 0.437797
0.124841 0.291330 0.009014 0.198032 0.376782
0.093154 0.187253 0.027020 0.385178 0.307395
0.200844 0.229260 0.028857 0.288177 0.252861
0.100610 0.244400 0.005451 0.252720 0.396819
0.152339 0.242143 0.003256 0.263937 0.338324
0.166670 0.242544 0.049031 0.215111 0.326645
0.054673 0.253344 0.020042 0.266972 0.404969
0.066254 0.272386 0.013824 0.278850 0.368686
0.143365 0.274140 0.022689 0.212001 0.347805
0.139551 0.265211 0.007401 0.325719 0.262118
0.000010 0.343797 0.033191 0.198336 0.424666
0.041275 0.302658 0.026011 0.342672 0.287384
0.086397 0.282827 0.027852 0.253146 0.349777
0.060052 0.270037 0.033439 0.316083 0.320390
0.072631 0.212790 0.029186 0.326855 0.358538
0.084437 0.253707 0.012098 0.189045 0.460714
0.082553 0.253319 0.075094 0.166838 0.422196
0.169495 0.210095 0.007971 0.257472 0.354966
0.102150 0.249520 0.018220 0.259752 0.370358
0.139896 0.253011 0.021680 0.224304 0.361109
0.114032 0.306072 0.000010 0.229654 0.350232
0.039787 0.250728 0.044820 0.307069 0.357595
0.096301 0.357373 0.021083 0.283417 0.241826
0.096213 0.240170 0.048469 0.254386 0.360763
0.099492 0.240523 0.012123 0.248359 0.399502
0.078655 0.291898 0.021258 0.382296 0.225893
0.216455 0.212555 0.025014 0.222782 0.323194
0.035122 0.364423 0.016392 0.234476 0.349587
0.108451 0.241835 0.013936 0.191492 0.444286
0.059349 0.287428 0.089595 0.437998 0.125630
0.200867 0.133836 0.005692 0.390132 0.269472
0.194378 0.295053 0.035903 0.202985 0.271681
0.098309 0.284373 0.000010 0.201485 0.415823
0.182588 0.190263 0.005878 0.227191 0.394081
0.035224 0.327770 0.039456 0.238191 0.359359
0.115893 0.294598 0.014667 0.255967 0.318875
0.000010 0.022601 0.030583 0.337597 0.609209
0.068733 0.041875 0.002952 0.278313 0.608127
0.057353 0.001111 0.000010 0.410496 0.531030
0.087736 0.000010 0.009570 0.344613 0.558071
0.013757 0.000010 0.005738 0.378946 0.601549
0.023111 0.000010 0.000010 0.365297 0.611572
0.081008 0.000010 0.000010 0.398657 0.520315
0.085890 0.021297 0.000010 0.296201 0.596602
0.000010 0.000010 0.006012 0.346454 0.647515
0.000010 0.000010 0.000010 0.357738 0.642232
0.000010 0.000010 0.000010 0.345553 0.654417
0.043403 0.000010 0.000010 0.341160 0.615418
0.047303 0.000010 0.000010 0.342764 0.609913
0.014030 0.000010 0.000010 0.389390 0.596560
0.001242 0.000010 0.004331 0.380272 0.614145
0.064577 0.000010 0.004669 0.344737 0.586007
0.007578 0.000010 0.000010 0.259381 0.733020
0.003806 0.000010 0.024890 0.321693 0.649600
0.064863 0.000010 0.000010 0.311418 0.623699
0.030128 0.000010 0.000010 0.330053 0.639798
0.081974 0.004263 0.000010 0.361457 0.552296
0.054292 0.000010 0.000010 0.274134 0.671555
0.022128 0.022324 0.003154 0.328193 0.624200
0.072758 0.000010 0.038820 0.360005 0.528408
0.000010 0.291894 0.023791 0.505068 0.179237
0.092105 0.258683 0.006205 0.548912 0.094096
0.078328 0.276481 0.019704 0.511765 0.113722
0.082674 0.316727 0.030771 0.494234 0.075595
0.002800 0.312471 0.013332 0.546858 0.124539
0.104764 0.222883 0.022804 0.458318 0.191230
0.000010 0.350200 0.025776 0.467661 0.156354
0.109222 0.183881 0.000010 0.484059 0.222829
