0.182564 0.651515 0.006940 0.158981
0.177352 0.691482 0.000010 0.131156
0.224929 0.679947 0.008867 0.086257
0.334589 0.293223 0.013319 0.358870
0.369326 0.282497 0.002317 0.345860
0.325155 0.293505 0.006400 0.374940
0.362866 0.294769 0.006139 0.336225
0.351030 0.272270 0.002056 0.374645
0.378137 0.286256 0.011492 0.324115
0.355866 0.303746 0.004029 0.336359
0.376969 0.300920 0.009137 0.312974
0.335594 0.269456 0.011470 0.383480
0.363158 0.300850 0.008599 0.327393
0.334611 0.291355 0.003557 0.370478
0.448021 0.265836 0.013553 0.272590
0.389608 0.318602 0.000010 0.291780
0.362981 0.295514 0.004200 0.337306
0.428256 0.299132 0.002825 0.269786
0.388696 0.305639 0.019643 0.286022
0.404877 0.320873 0.005142 0.269109
0.354575 0.306117 0.002645 0.336662
0.407103 0.295250 0.002308 0.295339
0.389923 0.285797 0.008161 0.316119
0.382817 0.303983 0.008277 0.304923
0.404951 0.268616 0.000010 0.326423
0.454216 0.281684 0.003635 0.260465
0.401940 0.303733 0.006442 0.287885
0.430000 0.310535 0.000072 0.259393
0.425740 0.314895 0.000010 0.259355
0.390702 0.299775 0.005507 0.304017
0.426330 0.281896 0.005867 0.285908
0.424538 0.286667 0.005010 0.283786
0.432661 0.273412 0.005541 0.288386
0.387961 0.310916 0.000010 0.301113
0.415699 0.298544 0.005681 0.280077
0.373990 0.304694 0.010964 0.310352
0.411692 0.310616 0.003959 0.273733
0.372837 0.270875 0.009095 0.347193
0.313693 0.640612 0.015462 0.030232
0.304800 0.661599 0.008127 0.025473
0.281934 0.621320 0.009461 0.087286
0.320631 0.631433 0.026228 0.021707
0.286541 0.660377 0.016985 0.036097
0.252864 0.647664 0.011058 0.088414
0.266956 0.688024 0.004186 0.040834
0.384171 0.569094 0.016769 0.029966
0.298001 0.655650 0.018209 0.028140
0.259345 0.660417 0.006401 0.073837
0.266076 0.641586 0.017362 0.074976
0.285790 0.636148 0.008547 0.069515
0.261804 0.644963 0.018931 0.074302
0.308049 0.639385 0.000010 0.052557
0.269885 0.621830 0.008493 0.099792
0.281907 0.655253 0.024831 0.038009
0.409690 0.264346 0.003927 0.322038
0.403808 0.312325 0.004834 0.279032
0.414445 0.318824 0.004802 0.261928
0.379376 0.300156 0.006684 0.313785
0.394247 0.317785 0.005238 0.282730
0.399008 0.294028 0.012826 0.294138
0.373365 0.290929 0.000010 0.335696
0.397745 0.262535 0.004592 0.335128
0.394748 0.293146 0.001169 0.310937
0.376460 0.320815 0.010697 0.292028
0.399118 0.294049 0.004973 0.301860
0.398882 0.314768 0.003023 0.283327
0.410043 0.250786 0.008447 0.330725
0.428208 0.254133 0.012986 0.304672
0.345780 0.320344 0.000010 0.333865
0.407925 0.299720 0.005608 0.286747
0.383401 0.291980 0.002100 0.322519
0.393831 0.308097 0.000010 0.298062
0.380417 0.290270 0.012644 0.316669
0.392440 0.300250 0.011149 0.296161
0.361744 0.314874 0.000010 0.323372
0.387777 0.304516 0.000010 0.307698
0.392744 0.280558 0.006379 0.320319
0.367652 0.304144 0.002916 0.325288
0.403272 0.339266 0.000010 0.257452
0.451220 0.277045 0.000010 0.271725
0.409054 0.288822 0.006232 0.295892
0.441650 0.287538 0.000010 0.270803
0.409525 0.275815 0.002662 0.311999
0.365814 0.293688 0.000010 0.340489
0.116649 0.539173 0.001983 0.342195
0.120550 0.624589 0.007345 0.247517
0.100556 0.568419 0.007327 0.323698
0.115932 0.588939 0.000010 0.295119
0.125146 0.526152 0.004648 0.344054
0.121757 0.569081 0.004179 0.304983
0.131566 0.586947 0.007013 0.274474
0.157312 0.544618 0.008737 0.289334
0.098738 0.599259 0.003188 0.298816
0.257192 0.535646 0.004032 0.203130
0.134414 0.531917 0.007760 0.325909
0.113995 0.556947 0.000010 0.329049
0.121021 0.559855 0.014173 0.304951
0.126966 0.608285 0.003974 0.260775
0.114401 0.563151 0.002634 0.319814
0.139079 0.567213 0.005717 0.287992
0.173513 0.596045 0.025754 0.204688
0.174317 0.581250 0.044079 0.200355
0.163411 0.602316 0.037544 0.196729
0.207917 0.577680 0.040271 0.174132
0.161406 0.618381 0.034743 0.185470
0.186449 0.584995 0.050875 0.177681
0.178557 0.595115 0.029034 0.197294
0.156868 0.589472 0.034477 0.219183
0.197589 0.571409 0.028491 0.202512
0.145880 0.601661 0.036500 0.215958
0.171003 0.590917 0.042935 0.195145
0.175273 0.588537 0.033954 0.202236
0.164815 0.615007 0.035212 0.184966
0.189734 0.576417 0.038246 0.195602
0.193982 0.567269 0.041924 0.196825
0.312788 0.645789 0.036614 0.004809
0.287491 0.645285 0.017606 0.049618
0.266078 0.647384 0.021348 0.065190
0.645906 0.011996 0.012889 0.329210
0.665211 0.007472 0.013641 0.313676
0.681759 0.000010 0.009029 0.309202
0.709251 0.000010 0.010083 0.280656
0.681898 0.000010 0.010681 0.307411
0.684386 0.000010 0.013673 0.301931
0.660128 0.000010 0.011737 0.328125
0.616229 0.054910 0.001920 0.326942
0.635593 0.030157 0.000010 0.334240
0.687297 0.032367 0.002315 0.278022
0.697714 0.000010 0.015730 0.286545
0.661360 0.045438 0.003416 0.289786
0.679838 0.000011 0.000010 0.320141
0.703661 0.019099 0.008557 0.268684
0.678566 0.014685 0.003721 0.303028
0.682308 0.024415 0.000010 0.293268
0.679135 0.000010 0.006813 0.314042
0.652377 0.007350 0.011316 0.328958
0.665243 0.000010 0.000010 0.334737
0.675939 0.022994 0.000010 0.301057
0.678903 0.012873 0.000010 0.308213
0.677849 0.037489 0.000010 0.284652
0.664268 0.000010 0.003529 0.332193
0.635833 0.285500 0.000010 0.078657
0.599999 0.293148 0.008434 0.098419
0.632313 0.258694 0.007518 0.101476
0.669309 0.249641 0.008180 0.072870
0.616555 0.314995 0.006929 0.061521
0.642632 0.286559 0.000010 0.070799
0.614594 0.256426 0.003515 0.125465
0.632591 0.251442 0.000010 0.115957
0.604558 0.286480 0.000010 0.108951
0.647234 0.278101 0.006202 0.068463
0.606134 0.291741 0.001481 0.100644
0.629224 0.290025 0.000010 0.080741
0.717786 0.242060 0.002625 0.037529
0.593489 0.266702 0.000010 0.139799
0.291213 0.300161 0.021940 0.386686
0.276150 0.328691 0.008201 0.386958
0.285480 0.329825 0.008605 0.376091
0.274964 0.293586 0.020711 0.410739
0.297660 0.330607 0.015505 0.356228
0.328828 0.296811 0.013435 0.360927
0.245255 0.335126 0.010598 0.409021
0.293263 0.325170 0.008940 0.372628
0.275809 0.314205 0.011596 0.398390
0.299209 0.311930 0.004110 0.384752
0.310341 0.331499 0.020491 0.337669
0.273269 0.303123 0.023117 0.400491
0.290755 0.324044 0.005512 0.379688
0.283231 0.313801 0.019402 0.383565
0.308694 0.305096 0.010818 0.375392
0.286749 0.319958 0.020282 0.373010
0.241795 0.309664 0.016875 0.431665
0.408120 0.307673 0.005828 0.278379
0.382496 0.294387 0.000010 0.323107
0.387585 0.296577 0.002604 0.313233
0.386582 0.318177 0.000010 0.295231
0.423913 0.255397 0.011034 0.309655
0.430000 0.309248 0.000010 0.260743
0.369445 0.326770 0.000010 0.303775
0.410656 0.313360 0.001289 0.274695
0.398585 0.307350 0.005070 0.288996
0.370425 0.309696 0.010750 0.309129
0.390269 0.292740 0.001748 0.315243
0.413348 0.302481 0.000010 0.284160
0.422753 0.270755 0.000010 0.306482
0.422245 0.278621 0.006346 0.292788
0.428066 0.305922 0.007755 0.258258
0.393294 0.269405 0.000010 0.337291
0.683591 0.235092 0.005952 0.075365
0.637060 0.251394 0.001852 0.109694
0.673405 0.276119 0.006311 0.044165
0.635541 0.239830 0.008887 0.115742
0.622645 0.283056 0.001628 0.092672
0.665476 0.279859 0.000010 0.054656
0.620829 0.253386 0.003958 0.121827
0.633118 0.292848 0.000010 0.074024
0.699971 0.253563 0.001924 0.044543
0.601635 0.276235 0.000010 0.122120
0.654687 0.264218 0.000010 0.081085
0.656022 0.281695 0.000010 0.062273
0.687477 0.252336 0.001882 0.058305
0.635736 0.276629 0.003965 0.083670
0.669978 0.272552 0.017199 0.040271
0.641869 0.228830 0.011247 0.118054
0.673239 0.285742 0.004672 0.036347
0.653088 0.254430 0.006470 0.086012
0.690541 0.249288 0.012171 0.048000
0.689659 0.233171 0.011735 0.065434
0.628680 0.262436 0.000010 0.108873
0.721023 0.225392 0.008834 0.044751
0.454079 0.287906 0.000010 0.258005
0.686027 0.259936 0.008572 0.045465
0.613940 0.271081 0.007948 0.107032
0.615497 0.265857 0.005414 0.113232
0.663916 0.278795 0.000010 0.057279
0.682842 0.220985 0.005507 0.090666
0.629304 0.244129 0.006451 0.120116
0.660181 0.251778 0.003713 0.084328
0.672336 0.281042 0.001594 0.045027
0.572127 0.305398 0.000010 0.122466
0.626767 0.276458 0.000117 0.096658
0.631544 0.269469 0.008289 0.090698
0.629245 0.276970 0.000010 0.093775
0.622216 0.319773 0.001472 0.056539
0.625766 0.250458 0.004455 0.119321
0.641601 0.300021 0.001160 0.057218
0.684358 0.248170 0.002761 0.064711
0.653815 0.231165 0.002143 0.112878
0.672530 0.268995 0.001236 0.057239
0.627000 0.251009 0.000234 0.121757
0.652233 0.252946 0.003359 0.091462
0.219470 0.307337 0.002596 0.470596
0.257754 0.321325 0.003976 0.416945
0.268501 0.303271 0.004385 0.423844
0.266263 0.289964 0.013900 0.429873
0.265337 0.271345 0.005216 0.458102
0.243901 0.333589 0.000981 0.421528
0.208011 0.293163 0.000745 0.498082
0.264636 0.324933 0.000706 0.409724
0.269447 0.283429 0.000010 0.447114
0.259136 0.289547 0.000310 0.451007
0.196538 0.301710 0.000010 0.501741
0.264577 0.311098 0.000010 0.424315
0.267399 0.302068 0.003340 0.427192
0.275569 0.295526 0.002672 0.426234
0.255220 0.335068 0.010904 0.398808
0.286570 0.342012 0.006993 0.364426
0.357548 0.362822 0.009394 0.270236
0.238871 0.320743 0.008758 0.431629
0.310832 0.285882 0.002596 0.400690
0.052123 0.431264 0.046802 0.469811
0.185893 0.654554 0.088699 0.070855
0.069265 0.415328 0.030623 0.484784
0.198380 0.685243 0.100406 0.015971
0.000477 0.462472 0.014880 0.522171
0.000010 0.420439 0.022663 0.556887
0.005325 0.443057 0.032084 0.519534
0.000010 0.446657 0.018228 0.535104
0.008215 0.432340 0.035121 0.524324
0.057884 0.452927 0.041189 0.447999
0.000010 0.453335 0.027109 0.519546
0.000010 0.434011 0.038048 0.527931
0.070657 0.447658 0.036872 0.444813
0.000010 0.412816 0.026423 0.560751
0.000010 0.485231 0.014075 0.500684
0.040653 0.456013 0.042515 0.460819
0.026781 0.449921 0.019767 0.503531
0.000010 0.457102 0.037716 0.505173
0.000010 0.417260 0.033511 0.549219
0.000010 0.425371 0.016649 0.557970
0.000010 0.418857 0.019552 0.561581
0.092907 0.408178 0.082917 0.415998
0.000010 0.438232 0.034304 0.527454
0.019546 0.422068 0.044046 0.514340
0.085046 0.424843 0.032948 0.457162
0.067174 0.444666 0.036439 0.451721
0.000010 0.428301 0.012023 0.559666
0.032752 0.427360 0.042613 0.497274
0.000010 0.470095 0.017096 0.512799
0.055616 0.454889 0.037920 0.451575
0.052347 0.421360 0.042397 0.483896
0.100365 0.436955 0.033254 0.429426
0.000010 0.423147 0.032324 0.544519
0.000010 0.391863 0.001714 0.606413
0.000010 0.444069 0.021451 0.534469
0.000010 0.443414 0.030476 0.526100
0.009353 0.459082 0.025158 0.506408
0.048929 0.442115 0.031895 0.477060
0.008974 0.453577 0.034849 0.502600
0.014517 0.475026 0.016928 0.493529
0.050644 0.419236 0.023044 0.507076
0.000010 0.439251 0.033383 0.527356
0.085882 0.459307 0.020136 0.434675
0.000010 0.431235 0.014463 0.554291
0.028978 0.406698 0.041914 0.522411
0.296878 0.288908 0.022563 0.391652
0.294712 0.288717 0.030413 0.386158
0.303398 0.271325 0.027179 0.398098
0.300925 0.288371 0.020400 0.390304
0.284440 0.314214 0.021712 0.379633
0.323208 0.260868 0.019122 0.396802
0.309963 0.284650 0.023389 0.381998
0.330961 0.273601 0.024467 0.370970
0.346538 0.290768 0.022207 0.340486
0.306716 0.305881 0.019145 0.368258
0.312142 0.300436 0.027331 0.360092
0.299735 0.274116 0.020858 0.405291
0.313531 0.301306 0.020244 0.364920
0.241138 0.332731 0.005629 0.420501
0.338229 0.280708 0.000938 0.380126
0.365308 0.300500 0.007749 0.326444
0.363676 0.290178 0.003497 0.342649
0.375335 0.298468 0.010666 0.315531
0.354106 0.322406 0.000010 0.323478
0.344497 0.314808 0.010403 0.330293
0.399171 0.286355 0.003067 0.311407
0.447638 0.278941 0.003179 0.270242
0.381812 0.281205 0.000128 0.336856
0.388732 0.328967 0.005434 0.276867
0.380233 0.309979 0.004206 0.305581
0.358960 0.292026 0.000010 0.349004
0.397240 0.305973 0.000010 0.296777
0.373515 0.322608 0.008502 0.295376
0.322214 0.310608 0.004932 0.362246
0.383907 0.303807 0.010457 0.301829
0.390842 0.301687 0.000010 0.307461
0.366432 0.295586 0.007572 0.330410
0.336355 0.283612 0.000010 0.380024
0.374524 0.303384 0.014338 0.307754
0.371313 0.263200 0.002297 0.363190
0.368950 0.288605 0.014516 0.327930
0.393051 0.313747 0.000010 0.293192
0.407580 0.337164 0.006494 0.248762
0.401248 0.292463 0.014793 0.291496
0.357577 0.307480 0.019248 0.315695
0.373758 0.279931 0.034410 0.311902
0.423966 0.277554 0.000010 0.298469
0.369454 0.291423 0.009015 0.330109
0.416539 0.290946 0.012310 0.280205
0.417654 0.274316 0.000010 0.308020
0.379685 0.327953 0.000077 0.292286
0.375845 0.269264 0.000010 0.354881
0.422121 0.303954 0.001477 0.272449
0.386928 0.292610 0.004711 0.315750
0.386934 0.294163 0.016216 0.302688
0.336011 0.318380 0.000010 0.345598
0.407341 0.279617 0.006023 0.307020
0.408351 0.285493 0.001750 0.304406
0.374791 0.306834 0.017748 0.300626
0.368019 0.308402 0.000856 0.322723
0.394626 0.298054 0.015189 0.292131
0.393115 0.325202 0.007422 0.274260
0.474371 0.262937 0.000010 0.262682
0.669911 0.203830 0.000010 0.126249
0.617830 0.168259 0.005898 0.208013
0.633634 0.174430 0.010423 0.181512
0.634930 0.185129 0.015479 0.164462
0.671085 0.191698 0.007656 0.129561
0.604841 0.203823 0.009837 0.181499
0.656585 0.172366 0.015194 0.155854
0.687986 0.139898 0.007407 0.164709
0.711428 0.221079 0.010412 0.057081
0.541090 0.223744 0.023205 0.211961
0.611093 0.177798 0.004314 0.206796
0.640900 0.177042 0.000010 0.182048
0.683426 0.177113 0.000010 0.139450
0.639353 0.152562 0.005894 0.202191
0.633834 0.178341 0.013632 0.174193
0.675421 0.212315 0.000010 0.112254
0.659963 0.177978 0.009760 0.152299
0.665175 0.205387 0.012224 0.117214
0.622672 0.213010 0.000010 0.164308
0.611470 0.202793 0.000010 0.185728
0.696171 0.224628 0.000010 0.079192
0.677318 0.182400 0.004239 0.136044
0.704375 0.216828 0.001193 0.077604
0.591336 0.182289 0.005968 0.220406
0.627812 0.185781 0.001707 0.184700
0.616745 0.194706 0.004806 0.183743
0.642933 0.165395 0.015289 0.176383
0.119524 0.643293 0.006144 0.231039
0.106939 0.658622 0.000010 0.234429
0.153172 0.608280 0.000720 0.237828
0.133859 0.588791 0.003555 0.273796
0.162371 0.640511 0.000010 0.197108
0.115697 0.688225 0.002084 0.193994
0.141967 0.644075 0.000010 0.213948
0.123258 0.672492 0.000546 0.203703
0.161868 0.705837 0.000010 0.132285
0.148895 0.681015 0.000010 0.170081
0.147912 0.646185 0.000010 0.205894
0.123937 0.671501 0.000010 0.204552
0.149390 0.673753 0.000010 0.176847
0.109748 0.674763 0.001112 0.214377
0.120820 0.686027 0.005827 0.187325
0.162183 0.670315 0.000010 0.167492
0.178516 0.664160 0.000010 0.157314
0.134226 0.690585 0.000010 0.175179
0.181469 0.665136 0.006308 0.147087
0.140097 0.660963 0.000010 0.198931
0.166567 0.694232 0.000010 0.139191
0.224614 0.617381 0.009871 0.148133
0.129616 0.698993 0.000010 0.171381
0.318156 0.584152 0.001307 0.096385
0.148570 0.689752 0.000010 0.161668
0.172432 0.678232 0.000010 0.149326
0.115705 0.683111 0.000010 0.201174
0.159800 0.710512 0.002277 0.127411
0.305618 0.564719 0.005148 0.124515
0.689073 0.227524 0.008388 0.075015
0.744478 0.205833 0.005010 0.044679
0.766477 0.220889 0.008945 0.003688
0.696840 0.246512 0.001906 0.054743
0.744754 0.246127 0.000515 0.008604
0.761667 0.236553 0.001769 0.000010
0.747218 0.228033 0.001947 0.022802
0.755070 0.234537 0.006986 0.003407
0.752839 0.216566 0.003479 0.027115
0.686425 0.225975 0.008017 0.079583
0.712258 0.282534 0.005198 0.000010
0.738102 0.261046 0.000842 0.000010
0.762681 0.227761 0.009548 0.000010
0.759443 0.229298 0.009285 0.001974
0.738322 0.255293 0.006375 0.000010
0.734812 0.244751 0.007284 0.013152
0.735565 0.231713 0.006525 0.026197
0.708083 0.238244 0.011072 0.042601
0.713367 0.256809 0.000880 0.028944
0.753749 0.240800 0.005440 0.000010
0.752888 0.234297 0.000010 0.012804
0.697657 0.258923 0.000010 0.043410
0.669731 0.235605 0.006537 0.088127
0.692139 0.218557 0.006417 0.082886
0.720673 0.220480 0.005866 0.052981
0.698501 0.258040 0.007066 0.036393
0.774949 0.217323 0.007718 0.000010
0.716845 0.221553 0.009709 0.051893
0.647541 0.228525 0.005131 0.118802
0.772802 0.225292 0.001897 0.000010
0.748159 0.210578 0.000010 0.041253
0.731751 0.219932 0.002487 0.045830
0.704357 0.223366 0.000010 0.072267
0.686417 0.243312 0.007960 0.062311
0.377567 0.283481 0.004026 0.334927
0.306613 0.312511 0.007654 0.373222
0.353100 0.335523 0.000010 0.311367
0.400886 0.271782 0.004100 0.323232
0.402818 0.308987 0.000010 0.288185
0.405815 0.295962 0.000010 0.298214
0.430632 0.278123 0.005709 0.285535
0.409453 0.295660 0.004105 0.290782
0.418169 0.265205 0.000010 0.316617
0.438813 0.289066 0.007993 0.264127
0.369881 0.309725 0.000010 0.320384
0.448291 0.261897 0.000010 0.289801
0.385164 0.276514 0.005220 0.333101
0.350003 0.304911 0.000010 0.345076
0.423630 0.259495 0.006021 0.310854
0.433220 0.260308 0.009414 0.297058
0.308129 0.339237 0.011456 0.341179
0.290317 0.392281 0.000010 0.317392
0.294657 0.333721 0.000010 0.371612
0.414354 0.289228 0.000010 0.296408
0.405922 0.341939 0.008725 0.243414
0.399742 0.296092 0.002746 0.301419
0.292581 0.342491 0.006699 0.358229
0.347135 0.338886 0.000010 0.313969
0.452277 0.291106 0.000010 0.256608
0.440537 0.272140 0.002976 0.284347
0.367772 0.342952 0.003812 0.285463
0.331335 0.310239 0.001429 0.356998
0.453668 0.288787 0.000010 0.257535
0.311378 0.333744 0.006400 0.348478
0.102199 0.550628 0.001617 0.345556
0.503897 0.295170 0.010897 0.190036
0.478760 0.330798 0.000010 0.190432
0.478976 0.286284 0.000010 0.234730
0.279555 0.382339 0.000010 0.338096
0.326957 0.332530 0.019943 0.320569
0.477134 0.296544 0.004122 0.222199
0.433705 0.286715 0.001741 0.277838
0.435059 0.283968 0.009229 0.271744
0.379977 0.315394 0.000010 0.304619
0.412196 0.312592 0.002116 0.273096
0.369493 0.365723 0.023953 0.240831
0.393410 0.305129 0.005055 0.296406
0.369052 0.280844 0.006323 0.343780
0.360166 0.307614 0.007635 0.324586
0.413454 0.331878 0.004499 0.250170
0.411737 0.294349 0.000010 0.293904
0.438577 0.283490 0.006511 0.271423
0.453831 0.276736 0.000382 0.269052
0.435572 0.293471 0.004455 0.266502
0.440487 0.285780 0.007074 0.266659
0.497256 0.270356 0.001019 0.231369
0.460150 0.272677 0.007753 0.259420
0.462367 0.253992 0.000010 0.283632
0.397133 0.293220 0.003513 0.306134
0.437711 0.293260 0.005870 0.263160
0.668617 0.259381 0.003520 0.068482
0.651225 0.246661 0.016431 0.085683
0.658762 0.302186 0.011775 0.027277
0.715918 0.235757 0.000284 0.048040
0.666218 0.246262 0.005869 0.081651
0.681953 0.235712 0.010523 0.071813
0.656546 0.245334 0.006516 0.091604
0.659629 0.273950 0.014112 0.052308
0.648833 0.240424 0.006362 0.104381
0.645196 0.243190 0.003196 0.108418
0.673937 0.263639 0.001823 0.060601
0.630862 0.268715 0.004034 0.096388
0.689334 0.267847 0.016812 0.026007
0.683169 0.275188 0.013324 0.028319
0.682993 0.279462 0.004466 0.033079
0.698814 0.240827 0.008727 0.051632
0.697714 0.251634 0.008896 0.041757
0.648907 0.272614 0.010227 0.068253
0.674326 0.255499 0.011235 0.058939
0.559579 0.102636 0.028447 0.309338
0.534039 0.112748 0.019876 0.333338
0.570099 0.107303 0.020078 0.302519
0.537836 0.150472 0.026534 0.285158
0.619823 0.109534 0.011470 0.259173
0.640888 0.067386 0.009055 0.282670
0.655242 0.079866 0.016690 0.248203
0.676965 0.064735 0.002199 0.256101
0.547753 0.139991 0.018793 0.293463
0.555302 0.129653 0.027116 0.287929
0.570479 0.121574 0.029913 0.278034
0.598459 0.141013 0.015329 0.245199
0.554364 0.114038 0.032545 0.299053
0.590974 0.135025 0.023461 0.250539
0.562348 0.111618 0.017596 0.308438
0.568105 0.092197 0.005828 0.333870
0.588851 0.112658 0.018244 0.280247
0.522247 0.123849 0.031150 0.322753
0.548354 0.168995 0.021627 0.261024
0.565829 0.126352 0.018341 0.289478
0.551408 0.149313 0.028851 0.270428
0.514432 0.155102 0.026377 0.304089
0.535831 0.148117 0.024578 0.291473
0.536995 0.137537 0.025717 0.299751
0.501999 0.161193 0.019738 0.317070
0.454298 0.115521 0.054909 0.375272
0.516928 0.169513 0.006508 0.307050
0.573445 0.164216 0.040804 0.221535
0.537780 0.120642 0.048756 0.292822
0.587626 0.117135 0.020734 0.274505
0.575405 0.089396 0.015866 0.319333
0.566019 0.131509 0.019450 0.283022
0.582600 0.117205 0.018420 0.281775
0.556746 0.105700 0.007194 0.330360
0.567008 0.137023 0.038708 0.257262
0.499776 0.123846 0.053141 0.323236
0.516755 0.125070 0.024124 0.334052
0.653973 0.043332 0.003383 0.299313
0.533898 0.143432 0.033711 0.288959
0.516744 0.126157 0.026361 0.330738
0.575292 0.103999 0.032820 0.287888
0.550174 0.130788 0.033282 0.285757
0.548069 0.145949 0.027653 0.278329
0.599731 0.100673 0.012348 0.287248
0.538502 0.131834 0.019239 0.310425
0.518228 0.149774 0.027772 0.304227
0.573255 0.092629 0.015441 0.318676
0.580452 0.108261 0.016045 0.295241
0.580442 0.128733 0.006147 0.284677
0.597475 0.145283 0.002773 0.254469
0.563708 0.096491 0.022551 0.317250
0.514258 0.139676 0.032190 0.313876
0.572531 0.151107 0.010334 0.266029
0.587923 0.144430 0.014263 0.253384
0.562162 0.136964 0.014722 0.286152
0.579312 0.152968 0.005497 0.262223
0.582884 0.157466 0.006092 0.253558
0.510667 0.139718 0.028545 0.321071
0.556951 0.147795 0.010722 0.284531
0.559778 0.134862 0.040693 0.264667
0.059798 0.487906 0.162627 0.289668
0.162596 0.610637 0.040215 0.186552
0.137475 0.629232 0.044343 0.188950
0.151245 0.605571 0.032182 0.211002
0.118612 0.585149 0.051953 0.244286
0.104658 0.516802 0.085265 0.293276
0.119756 0.529576 0.173086 0.177582
0.216097 0.596886 0.026425 0.160592
0.128842 0.571286 0.078440 0.221432
0.162443 0.621082 0.044786 0.171689
0.122166 0.609104 0.037666 0.231064
0.088532 0.451108 0.108249 0.352111
0.180770 0.619896 0.032296 0.167037
0.104882 0.607910 0.052222 0.234985
0.162738 0.618205 0.039859 0.179198
0.153110 0.606933 0.058996 0.180960
0.162597 0.605148 0.043131 0.189125
0.193394 0.562608 0.046359 0.197640
0.168636 0.579138 0.053022 0.199204
0.021147 0.411720 0.111440 0.455693
0.076346 0.433919 0.079531 0.410205
0.050475 0.423616 0.087112 0.438796
0.099043 0.372040 0.099557 0.429360
0.036990 0.402142 0.094504 0.466364
0.061803 0.399255 0.104565 0.434378
0.075736 0.446861 0.079377 0.398025
0.075939 0.441364 0.090661 0.392036
0.006294 0.209189 0.546400 0.238118
0.070185 0.380301 0.079805 0.469709
0.039177 0.381832 0.126975 0.452017
0.081742 0.385988 0.104030 0.428239
0.101587 0.470285 0.081204 0.346923
0.054528 0.392394 0.071465 0.481613
0.063871 0.402524 0.104760 0.428846
0.056426 0.460315 0.071300 0.411960
0.026338 0.421010 0.090664 0.461988
0.080373 0.400973 0.088025 0.430629
0.047053 0.414721 0.080259 0.457966
0.062077 0.413845 0.091156 0.432923
0.470904 0.272423 0.000010 0.256663
0.475189 0.264049 0.000010 0.260752
0.444052 0.284236 0.000010 0.271702
0.462567 0.282236 0.008407 0.246790
0.474959 0.302029 0.003393 0.219619
0.517629 0.243917 0.000010 0.238444
0.467782 0.260601 0.004309 0.267307
0.472640 0.274566 0.000010 0.252784
0.465043 0.286123 0.000010 0.248824
0.354001 0.625317 0.020672 0.000010
0.328128 0.645657 0.015222 0.010993
0.365671 0.566634 0.019973 0.047722
0.384443 0.291206 0.002056 0.322295
0.397320 0.263618 0.010439 0.328623
0.388893 0.294812 0.000010 0.316285
0.332142 0.343692 0.003729 0.320436
0.388239 0.291378 0.014507 0.305877
0.416647 0.265234 0.001637 0.316482
0.402753 0.289063 0.000697 0.307487
0.462673 0.245895 0.003806 0.287625
0.304972 0.298615 0.076430 0.319983
0.363886 0.327849 0.004294 0.303972
0.326779 0.298462 0.007771 0.366988
0.337273 0.330850 0.000773 0.331105
0.355619 0.316883 0.000010 0.327488
0.429909 0.282610 0.000010 0.287471
0.412185 0.319674 0.003352 0.264789
0.409451 0.257410 0.003561 0.329578
0.402362 0.328833 0.006955 0.261851
0.410843 0.300339 0.013072 0.275746
0.340366 0.296328 0.015420 0.347886
0.306022 0.323398 0.000010 0.370570
0.326808 0.315903 0.003321 0.353968
0.362710 0.295600 0.008683 0.333007
0.086252 0.432666 0.049086 0.431995
0.121654 0.438187 0.048838 0.391321
0.133212 0.479158 0.052188 0.335442
0.318373 0.670935 0.010682 0.000010
0.325718 0.660729 0.013543 0.000010
0.329382 0.661603 0.009005 0.000010
0.309877 0.685211 0.004902 0.000010
0.318958 0.663228 0.015601 0.002213
0.311225 0.688755 0.000010 0.000010
0.336696 0.648485 0.014808 0.000010
0.322663 0.640717 0.017041 0.019579
0.336383 0.652397 0.011211 0.000010
0.310728 0.681169 0.008093 0.000010
0.321331 0.649732 0.009738 0.019199
0.312395 0.670940 0.014097 0.002569
0.330300 0.660591 0.009099 0.000010
0.302760 0.657616 0.017950 0.021673
0.301861 0.679572 0.018557 0.000010
0.344959 0.643875 0.011156 0.000010
0.331107 0.662915 0.005968 0.000010
0.314583 0.671772 0.013635 0.000010
0.349974 0.639587 0.010429 0.000010
0.525690 0.208931 0.001360 0.264019
0.539889 0.166400 0.000010 0.293701
0.499871 0.200220 0.009718 0.290191
0.490789 0.190398 0.007620 0.311193
0.495124 0.186915 0.014150 0.303810
0.491144 0.195789 0.010699 0.302369
0.503028 0.195621 0.000010 0.301341
0.503651 0.193858 0.000010 0.302481
0.464254 0.234409 0.000010 0.301327
0.514397 0.176168 0.000010 0.309424
0.487356 0.180384 0.005407 0.326853
0.489905 0.176072 0.000010 0.334013
0.487569 0.278640 0.006390 0.227401
0.626272 0.277114 0.000010 0.096604
0.550546 0.293492 0.007777 0.148185
0.570566 0.288161 0.006362 0.134911
0.487664 0.265360 0.000010 0.246967
0.537899 0.262855 0.002558 0.196688
0.511004 0.270295 0.002193 0.216508
0.532585 0.302515 0.003639 0.161260
0.568026 0.276394 0.001068 0.154512
0.523228 0.272790 0.004151 0.199832
0.526076 0.313349 0.000973 0.159601
0.527025 0.293975 0.010190 0.168810
0.550981 0.273103 0.006823 0.169093
0.559697 0.269366 0.012711 0.158226
0.406165 0.282191 0.009928 0.301717
0.463588 0.300607 0.003964 0.231841
0.347488 0.351003 0.012818 0.288690
0.369441 0.308835 0.000010 0.321714
0.366860 0.298183 0.002522 0.332435
0.436409 0.268149 0.000010 0.295431
0.389437 0.324202 0.010138 0.276223
0.419923 0.245198 0.000856 0.334023
0.408261 0.281912 0.007166 0.302661
0.442784 0.273655 0.001524 0.282038
0.395758 0.310925 0.006535 0.286782
0.412773 0.265497 0.010229 0.311501
0.416679 0.285664 0.005815 0.291843
0.380490 0.302409 0.000010 0.317091
0.387521 0.308437 0.000010 0.304032
0.399043 0.287024 0.005281 0.308653
0.360918 0.310806 0.004735 0.323542
0.395749 0.289395 0.003349 0.311507
0.375762 0.313912 0.006514 0.303812
0.393077 0.296565 0.005660 0.304697
0.410433 0.286471 0.009458 0.293638
0.413107 0.277420 0.000010 0.309463
0.413102 0.296769 0.000339 0.289790
0.396354 0.313367 0.003449 0.286831
0.405369 0.348976 0.011911 0.233744
0.566165 0.275718 0.000584 0.157533
0.631018 0.268199 0.001362 0.099422
0.625309 0.274348 0.007116 0.093227
0.593421 0.224210 0.000742 0.181627
0.589989 0.289907 0.007447 0.112657
0.589406 0.287135 0.000010 0.123449
0.576543 0.255957 0.004645 0.162854
0.537312 0.299031 0.000010 0.163647
0.572014 0.265221 0.000010 0.162755
0.575170 0.233642 0.000010 0.191178
0.574002 0.289906 0.000010 0.136082
0.581348 0.248084 0.000010 0.170559
0.584653 0.257496 0.000010 0.157841
0.552201 0.269234 0.002559 0.176006
0.358687 0.324331 0.000010 0.316972
0.386845 0.275798 0.000010 0.337347
0.369044 0.293557 0.000010 0.337389
0.336636 0.310408 0.000010 0.352945
0.344554 0.298175 0.012254 0.345017
0.349215 0.323610 0.000010 0.327165
0.394598 0.288532 0.000010 0.316860
0.349071 0.304256 0.000010 0.346663
0.373429 0.286697 0.008114 0.331759
0.251444 0.651835 0.016891 0.079830
0.277721 0.668972 0.020087 0.033221
0.258614 0.627799 0.018045 0.095542
0.075781 0.418114 0.027828 0.478277
0.065128 0.414947 0.023564 0.496361
0.003355 0.407931 0.085933 0.502781
0.037512 0.381361 0.088018 0.493109
0.000954 0.383251 0.085052 0.530744
0.000010 0.408544 0.083472 0.507975
0.000010 0.412664 0.072540 0.514786
0.026129 0.410384 0.114799 0.448688
0.028142 0.414978 0.104019 0.452861
0.066767 0.376314 0.091598 0.465321
0.000010 0.368044 0.128064 0.503881
0.066314 0.367631 0.109094 0.456960
0.000010 0.406310 0.067883 0.525797
0.034239 0.411358 0.086118 0.468285
0.000010 0.390981 0.089131 0.519878
0.028808 0.371417 0.105528 0.494247
0.035171 0.325743 0.206496 0.432589
0.015031 0.411089 0.080649 0.493231
0.022660 0.437413 0.077880 0.462047
0.039773 0.419959 0.084316 0.455952
0.000010 0.386306 0.084723 0.528961
0.060630 0.369633 0.100641 0.469097
0.069921 0.362345 0.093561 0.474173
0.073864 0.407357 0.090533 0.428245
0.071223 0.361665 0.129166 0.437946
0.000010 0.412107 0.086170 0.501713
0.019276 0.413276 0.072624 0.494825
0.016447 0.423851 0.097750 0.461952
0.000010 0.407450 0.076659 0.515880
0.011967 0.389840 0.096172 0.502021
0.045268 0.420786 0.071500 0.462446
0.000010 0.342272 0.125504 0.532215
0.000010 0.369031 0.074419 0.556539
0.000010 0.392693 0.088984 0.518313
0.029334 0.408292 0.081915 0.480458
0.000010 0.376362 0.091383 0.532244
0.036966 0.423544 0.078872 0.460618
0.000010 0.383570 0.073965 0.542455
0.046802 0.324925 0.168230 0.460043
0.032590 0.408097 0.117518 0.441795
0.020518 0.386690 0.079949 0.512844
0.082922 0.386536 0.100555 0.429987
0.031498 0.356554 0.162212 0.449736
0.032688 0.430218 0.085297 0.451797
0.000010 0.372124 0.104998 0.522868
0.346938 0.296515 0.004394 0.352152
0.318569 0.267282 0.002103 0.412046
0.362401 0.284976 0.005048 0.347576
0.334985 0.276305 0.007773 0.380936
0.298917 0.303034 0.000010 0.398039
0.285943 0.307495 0.011570 0.394991
0.281798 0.319141 0.000010 0.399051
0.353397 0.274079 0.007307 0.365217
0.342355 0.307334 0.015243 0.335068
0.339192 0.338750 0.001014 0.321044
0.278310 0.334187 0.000010 0.387492
0.318411 0.316722 0.000986 0.363881
0.332553 0.306881 0.006755 0.353812
0.323292 0.293757 0.017693 0.365257
0.308918 0.306287 0.007258 0.377537
0.300703 0.298902 0.023772 0.376623
0.357722 0.281225 0.008455 0.352599
0.369549 0.298787 0.005704 0.325960
0.334005 0.288251 0.010464 0.367281
0.335645 0.293775 0.016264 0.354317
0.346211 0.301144 0.009740 0.342905
0.334702 0.294260 0.007944 0.363094
0.395401 0.263961 0.009601 0.331038
0.340545 0.281309 0.011778 0.366368
0.316413 0.292269 0.009261 0.382056
0.312979 0.353491 0.000010 0.333521
0.380035 0.266811 0.008961 0.344194
0.317952 0.321145 0.011489 0.349413
0.311388 0.262734 0.019267 0.406611
0.351861 0.274640 0.013485 0.360014
0.328426 0.308976 0.012460 0.350139
0.351300 0.318724 0.006723 0.323253
0.297363 0.337697 0.000428 0.364512
0.334583 0.314949 0.007823 0.342645
0.326167 0.297639 0.012400 0.363793
0.351376 0.304840 0.012870 0.330913
0.340366 0.295261 0.011284 0.353089
0.336369 0.285218 0.009478 0.368935
0.353966 0.304019 0.001434 0.340581
0.309377 0.310909 0.010305 0.369409
0.286170 0.316775 0.008650 0.388405
0.342130 0.280089 0.018295 0.359486
0.323330 0.298985 0.017117 0.360567
0.329599 0.265954 0.010235 0.394212
0.315330 0.318052 0.015423 0.351195
0.346597 0.278917 0.009284 0.365202
0.367491 0.278132 0.031256 0.323121
0.394897 0.298780 0.007309 0.299013
0.330255 0.305385 0.015691 0.348669
0.334665 0.297947 0.018307 0.349082
0.430605 0.248609 0.006354 0.314432
0.340974 0.322776 0.006292 0.329957
0.368241 0.294501 0.000010 0.337248
0.340462 0.300609 0.018211 0.340718
0.522758 0.340726 0.098044 0.038473
0.372621 0.280459 0.014812 0.332108
0.304747 0.343980 0.013379 0.337895
0.326012 0.313315 0.001483 0.359190
0.286272 0.323146 0.004232 0.386351
0.282192 0.314083 0.015957 0.387768
0.363431 0.279673 0.000387 0.356509
0.378409 0.000010 0.002744 0.618837
0.374223 0.011551 0.000010 0.614216
0.446033 0.000010 0.000010 0.553947
0.377516 0.000010 0.000010 0.622464
0.392127 0.000010 0.000010 0.607853
0.412692 0.000010 0.000911 0.586387
0.439874 0.000010 0.000010 0.560106
0.370231 0.017859 0.000010 0.611900
0.398386 0.000010 0.009805 0.591799
0.405018 0.000010 0.000010 0.594962
0.405469 0.000010 0.004824 0.589698
0.395264 0.000010 0.000010 0.604716
0.388921 0.000010 0.000010 0.611059
0.411053 0.000010 0.000010 0.588927
0.390364 0.000010 0.000010 0.609616
0.371450 0.000010 0.000010 0.628530
0.361367 0.000010 0.000010 0.638613
0.398533 0.000010 0.000010 0.601447
0.359144 0.000010 0.000010 0.640836
0.398973 0.000010 0.000010 0.601007
0.391693 0.000010 0.000010 0.608287
0.387045 0.000010 0.003631 0.609314
0.389732 0.018411 0.000010 0.591847
0.396163 0.000010 0.001146 0.602681
0.630687 0.261362 0.002916 0.105035
0.619664 0.245814 0.000010 0.134512
0.626281 0.266439 0.010843 0.096437
0.636000 0.290291 0.000010 0.073699
0.631103 0.264753 0.002767 0.101377
0.572534 0.246001 0.006343 0.175123
0.594282 0.266522 0.003210 0.135985
0.552105 0.266009 0.006238 0.175649
0.582009 0.270442 0.008321 0.139228
0.597511 0.289839 0.008734 0.103915
0.575689 0.273567 0.010542 0.140201
0.605130 0.279857 0.004811 0.110202
0.528178 0.264355 0.003454 0.204013
0.636766 0.267521 0.000010 0.095703
0.569037 0.246851 0.008974 0.175139
0.602722 0.258566 0.012179 0.126534
0.575642 0.263414 0.007499 0.153444
0.616257 0.264615 0.004109 0.115019
0.266476 0.291373 0.037265 0.404887
0.307135 0.305865 0.011285 0.375715
0.723529 0.267428 0.009033 0.000010
0.727864 0.230362 0.005543 0.036232
0.719555 0.255191 0.009222 0.016032
0.690626 0.255296 0.002547 0.051531
0.747830 0.252148 0.000012 0.000010
0.686004 0.271181 0.003824 0.038991
0.702179 0.262853 0.010212 0.024756
0.704983 0.255923 0.018431 0.020664
0.722435 0.262383 0.015172 0.000010
0.672040 0.265335 0.014922 0.047703
0.733899 0.252625 0.003378 0.010098
0.720780 0.254229 0.006642 0.018348
0.724235 0.263027 0.012728 0.000010
0.716338 0.254505 0.000084 0.029073
0.734007 0.253891 0.012092 0.000010
0.752393 0.202890 0.017498 0.027219
0.643927 0.220075 0.007715 0.128283
0.653063 0.281307 0.009660 0.055970
0.729252 0.225994 0.007120 0.037634
0.656881 0.270107 0.000010 0.073003
0.724110 0.255544 0.000010 0.020336
0.675792 0.240981 0.000010 0.083217
0.678511 0.226064 0.000010 0.095415
0.664767 0.268752 0.000010 0.066471
0.717360 0.223721 0.000010 0.058908
0.679466 0.268739 0.000010 0.051785
0.697713 0.225652 0.000484 0.076151
0.704402 0.262403 0.000010 0.033185
0.670071 0.260150 0.000010 0.069768
0.662461 0.247532 0.018320 0.071688
0.305329 0.301805 0.000825 0.392041
0.314603 0.307239 0.000010 0.378148
0.300650 0.302109 0.000010 0.397231
0.313713 0.343505 0.001565 0.341217
0.370899 0.324386 0.005531 0.299185
0.321264 0.292962 0.000010 0.385764
0.302373 0.279225 0.006660 0.411742
0.329058 0.294780 0.000010 0.376152
0.365917 0.315933 0.000010 0.318140
0.371814 0.284924 0.000010 0.343253
0.344418 0.301311 0.000647 0.353623
0.320484 0.334218 0.000010 0.345288
0.356725 0.287897 0.001951 0.353426
0.328509 0.306752 0.000010 0.364729
0.300939 0.305143 0.000010 0.393908
0.577231 0.132920 0.017684 0.272164
0.602066 0.137100 0.013552 0.247282
0.602651 0.132126 0.010141 0.255081
0.611807 0.137110 0.008724 0.242359
0.586084 0.133079 0.023206 0.257632
0.574047 0.155365 0.012380 0.258208
0.583061 0.107238 0.027706 0.281995
0.502295 0.129166 0.024147 0.344393
0.545248 0.153072 0.026731 0.274948
0.554045 0.151404 0.017070 0.277481
0.533692 0.140946 0.027961 0.297400
0.550985 0.152824 0.016022 0.280169
0.559188 0.167968 0.041542 0.231302
0.523249 0.129298 0.023817 0.323636
0.534197 0.137077 0.026818 0.301908
0.528966 0.156438 0.037411 0.277185
0.549910 0.132881 0.017205 0.300004
0.545609 0.116742 0.037915 0.299734
0.530803 0.141622 0.015971 0.311604
0.562821 0.118048 0.040643 0.278488
0.527499 0.140720 0.031860 0.299921
0.586054 0.117897 0.027962 0.268087
0.559259 0.114011 0.038002 0.288729
0.574705 0.100361 0.021067 0.303868
0.589274 0.083858 0.023995 0.302873
0.525311 0.115011 0.038430 0.321247
0.580501 0.139956 0.004484 0.275059
0.577508 0.133469 0.017150 0.271874
0.561567 0.149948 0.027266 0.261219
0.545060 0.118181 0.021488 0.315271
0.527260 0.130915 0.027264 0.314561
0.480887 0.168520 0.049610 0.300984
0.541218 0.098083 0.031719 0.328980
0.576860 0.101905 0.026692 0.294542
0.000010 0.000010 0.999970 0.000010
0.000010 0.000010 0.999970 0.000010
0.000010 0.000013 0.999967 0.000010
0.000010 0.000010 0.999970 0.000010
0.000010 0.000010 0.999970 0.000010
0.000010 0.000010 0.999970 0.000010
0.000017 0.000010 0.999963 0.000010
0.000010 0.000010 0.999970 0.000010
0.000010 0.000010 0.999970 0.000010
0.000019 0.000010 0.999961 0.000010
0.000010 0.000010 0.999970 0.000010
0.000010 0.000016 0.999964 0.000010
0.181382 0.570728 0.034517 0.213374
0.095031 0.416832 0.060758 0.427380
0.071567 0.424342 0.069562 0.434529
0.091424 0.446113 0.058133 0.404330
0.107825 0.511768 0.058654 0.321752
0.049230 0.467431 0.105460 0.377880
0.030306 0.455496 0.107947 0.406251
0.035974 0.471381 0.089568 0.403077
0.130165 0.433506 0.039983 0.396347
0.111476 0.445024 0.055781 0.387719
0.091753 0.472265 0.043456 0.392526
0.105043 0.503349 0.012542 0.379066
0.018681 0.476413 0.118503 0.386404
0.057295 0.476685 0.092179 0.373841
0.163694 0.444066 0.072298 0.319942
0.127604 0.378943 0.102502 0.390952
0.323981 0.664481 0.011528 0.000010
0.249682 0.494359 0.023775 0.232184
0.233057 0.516921 0.029887 0.220135
0.174514 0.549637 0.027894 0.247955
0.229843 0.522793 0.042203 0.205161
0.234612 0.513826 0.027170 0.224392
0.227833 0.552308 0.016005 0.203854
0.183676 0.525864 0.031235 0.259225
0.239736 0.569555 0.039049 0.151660
0.188210 0.537966 0.028554 0.245270
0.228688 0.536226 0.021838 0.213248
0.222693 0.552928 0.038477 0.185902
0.169825 0.581166 0.036565 0.212443
0.188186 0.505076 0.016425 0.290313
0.264193 0.507800 0.021332 0.206674
0.239896 0.499693 0.025825 0.234586
0.247344 0.536300 0.021014 0.195342
0.168415 0.551422 0.036515 0.243648
0.291811 0.640242 0.023986 0.043961
0.414654 0.239464 0.000010 0.345872
0.423202 0.256630 0.011122 0.309047
0.430801 0.269166 0.006312 0.293721
0.448138 0.213429 0.004374 0.334059
0.432058 0.249819 0.017847 0.300276
0.445975 0.249362 0.009396 0.295267
0.390180 0.262269 0.000010 0.347541
0.373437 0.268799 0.022105 0.335659
0.318095 0.281157 0.022628 0.378120
0.347639 0.263479 0.023514 0.365368
0.324861 0.271244 0.030202 0.373693
0.378856 0.261085 0.016395 0.343664
0.329848 0.293776 0.019870 0.356505
0.343097 0.248768 0.031612 0.376524
0.327968 0.264591 0.012716 0.394725
0.343170 0.354857 0.002150 0.299823
0.402813 0.265659 0.020722 0.310806
0.318302 0.287979 0.019165 0.374554
0.288971 0.311309 0.016029 0.383691
0.334236 0.280994 0.017944 0.366825
0.299033 0.314161 0.024973 0.361833
0.305036 0.312876 0.014790 0.367299
0.370237 0.255298 0.015944 0.358521
0.332710 0.267785 0.018785 0.380720
0.291038 0.286164 0.037974 0.384824
0.388225 0.292781 0.001524 0.317470
0.355452 0.296435 0.000010 0.348102
0.415286 0.286736 0.000010 0.297969
0.427154 0.289001 0.001488 0.282357
0.390384 0.290750 0.004714 0.314152
0.408216 0.310634 0.002200 0.278950
0.405494 0.284247 0.002187 0.308072
0.399347 0.266458 0.005890 0.328306
0.396561 0.323375 0.000010 0.280054
0.377461 0.297053 0.005672 0.319814
0.408509 0.273536 0.000010 0.317945
0.395436 0.281254 0.000010 0.323299
0.413181 0.314596 0.000965 0.271258
0.372609 0.301052 0.001397 0.324942
0.453170 0.263003 0.000010 0.283817
0.390400 0.278819 0.006109 0.324673
0.390454 0.275476 0.000010 0.334060
0.334158 0.285089 0.004436 0.376317
0.410154 0.292508 0.000010 0.297328
0.391313 0.312748 0.004715 0.291224
0.401611 0.287230 0.004649 0.306510
0.335659 0.318807 0.000010 0.345524
0.400329 0.276596 0.000010 0.323066
0.393153 0.286693 0.000010 0.320144
