0.134167 0.030850 0.834984
0.228985 0.030287 0.740728
0.199643 0.026754 0.773603
0.452990 0.025477 0.521533
0.464735 0.002038 0.533227
0.473334 0.004335 0.522331
0.434878 0.000010 0.565112
0.481079 0.011001 0.507920
0.523773 0.018179 0.458049
0.519724 0.031093 0.449182
0.508595 0.028665 0.462740
0.465181 0.005117 0.529702
0.499840 0.040444 0.459716
0.388519 0.013447 0.598035
0.621345 0.018892 0.359763
0.601627 0.000010 0.398363
0.572866 0.007867 0.419266
0.543441 0.035604 0.420955
0.445544 0.029304 0.525152
0.532513 0.015156 0.452331
0.465179 0.020909 0.513912
0.626505 0.014723 0.358773
0.528304 0.014328 0.457368
0.529770 0.021563 0.448667
0.576423 0.005948 0.417629
0.576497 0.016887 0.406616
0.512907 0.029060 0.458033
0.670195 0.000010 0.329795
0.544936 0.015546 0.439518
0.616318 0.011373 0.372309
0.514773 0.016119 0.469108
0.655673 0.015182 0.329145
0.581455 0.008221 0.410324
0.440659 0.012007 0.547334
0.548433 0.007051 0.444516
0.498059 0.019628 0.482313
0.560704 0.002889 0.436407
0.411033 0.013623 0.575344
0.277136 0.022903 0.699961
0.277000 0.016120 0.706880
0.280063 0.041488 0.678448
0.288182 0.036320 0.675498
0.316168 0.026080 0.657752
0.250723 0.021490 0.727787
0.286872 0.000010 0.713118
0.423643 0.012176 0.564181
0.239015 0.024048 0.736937
0.156473 0.037140 0.806387
0.246328 0.041922 0.711751
0.280901 0.023011 0.696088
0.253219 0.030168 0.716612
0.291602 0.000010 0.708388
0.314542 0.030951 0.654507
0.242340 0.047206 0.710455
0.625470 0.023458 0.351072
0.542823 0.017157 0.440020
0.553167 0.042187 0.404647
0.518070 0.029052 0.452878
0.517617 0.016819 0.465564
0.616475 0.005037 0.378488
0.510166 0.000010 0.489824
0.529832 0.023035 0.447134
0.522075 0.000010 0.477915
0.443401 0.013576 0.543023
0.586927 0.013881 0.399192
0.537342 0.000010 0.462648
0.483661 0.021242 0.495098
0.623200 0.027226 0.349575
0.473359 0.006891 0.519750
0.572884 0.034756 0.392360
0.533586 0.010089 0.456324
0.542197 0.010041 0.447763
0.468327 0.030746 0.500927
0.563641 0.009387 0.426972
0.453400 0.021416 0.525184
0.508501 0.007589 0.483910
0.568316 0.025932 0.405753
0.535201 0.012358 0.452440
0.541114 0.010479 0.448407
0.642126 0.010950 0.346924
0.560007 0.024720 0.415273
0.502343 0.000010 0.497647
0.597371 0.029194 0.373435
0.478435 0.005544 0.516020
0.139623 0.013241 0.847136
0.070263 0.013967 0.915770
0.121571 0.013070 0.865359
0.185087 0.011103 0.803809
0.174486 0.004592 0.820922
0.130603 0.000010 0.869387
0.084835 0.029414 0.885751
0.166394 0.001510 0.832096
0.106640 0.010207 0.883153
0.290472 0.018549 0.690979
0.155094 0.027987 0.816919
0.184476 0.020609 0.794915
0.197724 0.005867 0.796409
0.153357 0.010662 0.835982
0.183499 0.014224 0.802277
0.176495 0.015333 0.808172
0.194197 0.011523 0.794279
0.217812 0.058268 0.723920
0.226606 0.059648 0.713746
0.314902 0.047995 0.637103
0.186032 0.044048 0.769921
0.180774 0.050468 0.768758
0.166167 0.029037 0.804796
0.198429 0.061766 0.739805
0.208838 0.054959 0.736203
0.158283 0.043693 0.798024
0.193260 0.070990 0.735750
0.229108 0.017371 0.753521
0.197980 0.044633 0.757388
0.226861 0.048405 0.724733
0.265571 0.072405 0.662024
0.274283 0.051613 0.674103
0.256539 0.022704 0.720757
0.304345 0.024858 0.670798
0.942052 0.019732 0.038216
0.945528 0.037110 0.017362
0.934599 0.010473 0.054928
0.959602 0.040388 0.000010
0.948755 0.006778 0.044467
0.931409 0.039852 0.028739
0.960862 0.014591 0.024546
0.883342 0.012281 0.104376
0.952303 0.000090 0.047606
0.987377 0.012613 0.000010
0.972231 0.027759 0.000010
0.899106 0.000010 0.100884
0.969236 0.000010 0.030754
0.980853 0.019137 0.000010
0.894505 0.006244 0.099251
0.984572 0.015418 0.000010
0.955538 0.010522 0.033940
0.892044 0.040123 0.067833
0.963656 0.008075 0.028269
0.999978 0.000010 0.000012
0.999980 0.000010 0.000010
0.981480 0.010546 0.007974
0.998737 0.000010 0.001253
0.773394 0.024514 0.202092
0.724424 0.000010 0.275566
0.801910 0.000010 0.198080
0.835077 0.021468 0.143456
0.731091 0.006698 0.262210
0.781120 0.013894 0.204986
0.804138 0.020051 0.175812
0.795673 0.000010 0.204317
0.759323 0.011420 0.229257
0.829843 0.010274 0.159883
0.753983 0.002759 0.243258
0.704303 0.012441 0.283256
0.837247 0.019171 0.143582
0.755201 0.012026 0.232773
0.421993 0.028548 0.549459
0.409005 0.004560 0.586435
0.401322 0.029262 0.569416
0.407909 0.027684 0.564407
0.356617 0.020582 0.622801
0.484016 0.017087 0.498896
0.333357 0.025975 0.640669
0.459227 0.023660 0.517113
0.409406 0.036187 0.554407
0.507298 0.014284 0.478417
0.524895 0.030779 0.444326
0.423894 0.035376 0.540730
0.443872 0.000010 0.556118
0.407875 0.048180 0.543945
0.451786 0.016280 0.531934
0.422640 0.030987 0.546373
0.399076 0.021689 0.579235
0.490751 0.020287 0.488962
0.573072 0.014404 0.412524
0.565877 0.014656 0.419466
0.578960 0.002634 0.418406
0.502067 0.043111 0.454822
0.536423 0.000010 0.463567
0.543133 0.022610 0.434256
0.533481 0.017568 0.448951
0.514533 0.042180 0.443288
0.487030 0.006185 0.506785
0.536576 0.021554 0.441870
0.554754 0.014287 0.430959
0.577208 0.022031 0.400760
0.615065 0.008019 0.376916
0.576311 0.017057 0.406632
0.559117 0.005404 0.435479
0.833359 0.023695 0.142946
0.895888 0.010141 0.093972
0.861650 0.003549 0.134802
0.696397 0.011896 0.291707
0.800908 0.034035 0.165057
0.845788 0.013884 0.140328
0.844288 0.035224 0.120488
0.684831 0.002989 0.312180
0.872232 0.000625 0.127143
0.769622 0.017288 0.213091
0.808549 0.000010 0.191441
0.779707 0.001965 0.218328
0.803651 0.006746 0.189603
0.758033 0.000010 0.241957
0.777372 0.025373 0.197255
0.818981 0.017193 0.163826
0.844976 0.015748 0.139275
0.820367 0.015546 0.164088
0.874846 0.021809 0.103345
0.810717 0.006192 0.183091
0.807065 0.025505 0.167431
0.850805 0.045374 0.103821
0.595002 0.000010 0.404988
0.758967 0.029411 0.211622
0.692399 0.011941 0.295660
0.814093 0.015830 0.170078
0.835349 0.029435 0.135216
0.842087 0.009748 0.148166
0.875594 0.017597 0.106809
0.789035 0.031351 0.179614
0.750289 0.017284 0.232427
0.740094 0.013315 0.246591
0.758396 0.028776 0.212828
0.736272 0.001167 0.262561
0.815655 0.011418 0.172927
0.731579 0.021208 0.247214
0.730095 0.017809 0.252096
0.788008 0.020241 0.191751
0.855983 0.000010 0.144007
0.786944 0.000010 0.213046
0.829820 0.000010 0.170170
0.808285 0.000010 0.191705
0.853443 0.010179 0.136378
0.349466 0.004551 0.645983
0.428545 0.016909 0.554546
0.458294 0.015463 0.526243
0.441908 0.026404 0.531688
0.381912 0.023268 0.594820
0.391312 0.008710 0.599978
0.361772 0.016752 0.621475
0.442122 0.012735 0.545144
0.441436 0.010002 0.548562
0.494422 0.000769 0.504809
0.361316 0.000010 0.638674
0.473519 0.000010 0.526471
0.480205 0.021051 0.498744
0.387657 0.023796 0.588547
0.369855 0.017145 0.612999
0.440229 0.020304 0.539468
0.473822 0.004414 0.521764
0.373319 0.025857 0.600824
0.455919 0.004197 0.539884
0.146021 0.048822 0.805157
0.106861 0.100203 0.792936
0.160369 0.024796 0.814835
0.087203 0.112382 0.800415
0.139937 0.025176 0.834886
0.000010 0.013571 0.986419
0.079108 0.043067 0.877825
0.025537 0.015648 0.958815
0.188580 0.056081 0.755338
0.088728 0.055115 0.856158
0.090040 0.035370 0.874590
0.024619 0.065473 0.909908
0.136224 0.063888 0.799888
0.000010 0.035634 0.964356
0.013689 0.023550 0.962761
0.109078 0.061773 0.829150
0.086245 0.050409 0.863346
0.000797 0.042490 0.956713
0.000010 0.026295 0.973695
0.000010 0.016602 0.983388
0.053743 0.025696 0.920561
0.170949 0.087517 0.741534
0.028856 0.035812 0.935331
0.149506 0.043881 0.806613
0.192329 0.044970 0.762701
0.148974 0.038933 0.812093
0.000010 0.001179 0.998811
0.112547 0.033312 0.854140
0.000010 0.026008 0.973982
0.162890 0.072593 0.764517
0.049758 0.019285 0.930958
0.177990 0.041764 0.780246
0.014657 0.058157 0.927186
0.000010 0.019658 0.980332
0.000010 0.007097 0.992893
0.123415 0.056149 0.820436
0.190905 0.041480 0.767614
0.173286 0.043908 0.782806
0.049183 0.046164 0.904654
0.070722 0.046225 0.883053
0.129680 0.035906 0.834414
0.015068 0.056026 0.928906
0.203772 0.048328 0.747900
0.051151 0.027088 0.921761
0.121501 0.049376 0.829123
0.486665 0.039810 0.473524
0.391921 0.028561 0.579519
0.411317 0.029985 0.558698
0.422586 0.016042 0.561372
0.400892 0.060607 0.538500
0.469551 0.023538 0.506911
0.383401 0.021625 0.594974
0.435244 0.036317 0.528439
0.477053 0.041816 0.481131
0.385467 0.020681 0.593853
0.520236 0.038883 0.440881
0.487356 0.032310 0.480335
0.414011 0.033235 0.552754
0.451189 0.014828 0.533983
0.430793 0.015172 0.554036
0.463768 0.001718 0.534514
0.512113 0.000010 0.487877
0.492947 0.006927 0.500126
0.517940 0.001144 0.480916
0.534231 0.025620 0.440149
0.584513 0.005059 0.410428
0.599306 0.000902 0.399792
0.565942 0.003479 0.430579
0.530474 0.021944 0.447582
0.530472 0.033425 0.436103
0.539182 0.010933 0.449885
0.561099 0.027625 0.411277
0.448784 0.016163 0.535053
0.445225 0.000010 0.554765
0.537286 0.006957 0.455757
0.474209 0.000010 0.525781
0.466227 0.005714 0.528060
0.522215 0.000010 0.477775
0.537474 0.029643 0.432883
0.620231 0.001603 0.378166
0.509611 0.003823 0.486566
0.541657 0.000443 0.457900
0.493224 0.024564 0.482212
0.532307 0.004670 0.463023
0.465124 0.022216 0.512661
0.526057 0.068262 0.405681
0.552480 0.006021 0.441498
0.529781 0.037586 0.432632
0.650287 0.022250 0.327463
0.561242 0.004195 0.434563
0.508152 0.036795 0.455053
0.535710 0.005984 0.458306
0.516763 0.016316 0.466921
0.549733 0.011494 0.438773
0.543577 0.032849 0.423573
0.536450 0.011312 0.452238
0.562998 0.020388 0.416614
0.598068 0.000010 0.401922
0.511462 0.020377 0.468160
0.560627 0.000010 0.439363
0.546974 0.030720 0.422306
0.536986 0.038882 0.424132
0.671285 0.003768 0.324947
0.896196 0.020196 0.083608
0.833243 0.037604 0.129152
0.833455 0.017160 0.149385
0.807238 0.005290 0.187472
0.878058 0.016080 0.105862
0.817154 0.009636 0.173210
0.907668 0.010573 0.081760
0.916991 0.000290 0.082720
0.863974 0.033204 0.102823
0.731733 0.032951 0.235316
0.824965 0.013776 0.161259
0.743422 0.006027 0.250550
0.860252 0.010873 0.128875
0.835375 0.000010 0.164615
0.780552 0.016844 0.202605
0.817928 0.023556 0.158515
0.916547 0.011139 0.072314
0.820412 0.016232 0.163356
0.778032 0.007570 0.214398
0.819056 0.021924 0.159020
0.865565 0.002770 0.131665
0.868340 0.008192 0.123468
0.839540 0.024026 0.136434
0.834471 0.000010 0.165519
0.771589 0.014492 0.213919
0.768798 0.032377 0.198825
0.801324 0.043138 0.155539
0.222273 0.010067 0.767660
0.060306 0.021185 0.918509
0.218162 0.000010 0.781828
0.155879 0.034180 0.809941
0.127350 0.003848 0.868802
0.083762 0.011505 0.904733
0.128413 0.001011 0.870576
0.185535 0.004196 0.810269
0.153011 0.018513 0.828476
0.169286 0.000010 0.830704
0.155011 0.011652 0.833337
0.126385 0.023005 0.850610
0.125918 0.032122 0.841960
0.099101 0.013449 0.887449
0.126601 0.025160 0.848239
0.186805 0.007993 0.805202
0.137264 0.025691 0.837045
0.140381 0.017914 0.841705
0.147515 0.022668 0.829817
0.104465 0.006571 0.888964
0.173528 0.013381 0.813091
0.174382 0.040551 0.785067
0.012688 0.000010 0.987302
0.355916 0.000010 0.644074
0.105426 0.000010 0.894564
0.152416 0.005856 0.841728
0.042446 0.003902 0.953652
0.074592 0.009604 0.915804
0.321292 0.031364 0.647344
0.818041 0.019251 0.162708
0.920319 0.017001 0.062679
0.857403 0.008895 0.133702
0.883766 0.022793 0.093441
0.888333 0.033772 0.077894
0.905631 0.011332 0.083038
0.858641 0.019934 0.121425
0.912869 0.035190 0.051941
0.819762 0.013233 0.167005
0.874288 0.022173 0.103539
0.896442 0.005876 0.097682
0.870538 0.018682 0.110780
0.920163 0.029577 0.050261
0.918287 0.011512 0.070201
0.935479 0.026168 0.038352
0.819927 0.026590 0.153484
0.920561 0.026863 0.052576
0.865841 0.045321 0.088839
0.833972 0.022009 0.144019
0.887045 0.021839 0.091116
0.954858 0.018325 0.026817
0.881736 0.000010 0.118254
0.823903 0.014658 0.161439
0.882184 0.027096 0.090720
0.933139 0.023076 0.043784
0.852595 0.041305 0.106099
0.912764 0.009624 0.077612
0.907551 0.033403 0.059046
0.865502 0.011834 0.122664
0.991367 0.008623 0.000010
0.922571 0.016492 0.060937
0.903777 0.033913 0.062310
0.793530 0.000010 0.206460
0.768911 0.024597 0.206492
0.511963 0.020474 0.467562
0.426071 0.001743 0.572185
0.493725 0.028224 0.478051
0.537227 0.005010 0.457764
0.566273 0.000010 0.433717
0.618994 0.006734 0.374271
0.526377 0.024150 0.449473
0.623875 0.009309 0.366816
0.568464 0.012645 0.418891
0.554694 0.039783 0.405523
0.485052 0.002959 0.511990
0.578222 0.015677 0.406101
0.573100 0.005425 0.421476
0.519492 0.006441 0.474068
0.576717 0.009224 0.414060
0.630365 0.027083 0.342552
0.475044 0.039004 0.485952
0.317358 0.000010 0.682632
0.507858 0.000010 0.492132
0.572668 0.000010 0.427322
0.533206 0.014562 0.452231
0.594251 0.011901 0.393848
0.368781 0.023031 0.608188
0.487865 0.000758 0.511377
0.552545 0.020543 0.426912
0.544256 0.018378 0.437366
0.485612 0.000010 0.514378
0.493160 0.019399 0.487441
0.552642 0.007459 0.439899
0.381562 0.015433 0.603005
0.170267 0.009708 0.820025
0.644565 0.012509 0.342925
0.562858 0.020716 0.416426
0.575197 0.000010 0.424793
0.396124 0.009040 0.594837
0.422247 0.047555 0.530197
0.572561 0.000010 0.427429
0.574709 0.005955 0.419336
0.624533 0.000968 0.374499
0.544376 0.015997 0.439626
0.560591 0.008546 0.430863
0.443685 0.030887 0.525427
0.523678 0.007106 0.469216
0.474030 0.017563 0.508407
0.477759 0.031112 0.491129
0.501096 0.014153 0.484751
0.523392 0.000010 0.476598
0.561474 0.008622 0.429904
0.600214 0.002710 0.397076
0.622133 0.014658 0.363210
0.583231 0.030268 0.386502
0.667149 0.000010 0.332841
0.605887 0.023017 0.371096
0.687218 0.022301 0.290480
0.588985 0.019375 0.391640
0.539865 0.014317 0.445818
0.819886 0.006426 0.173689
0.750089 0.023391 0.226520
0.857449 0.015230 0.127321
0.872789 0.006384 0.120827
0.809480 0.014182 0.176337
0.856401 0.021981 0.121618
0.832752 0.014690 0.152558
0.832698 0.021410 0.145892
0.799447 0.017676 0.182876
0.825455 0.008644 0.165901
0.872830 0.009706 0.117464
0.828891 0.001726 0.169383
0.747208 0.007957 0.244835
0.812035 0.022208 0.165757
0.782842 0.000010 0.217148
0.858853 0.010351 0.130796
0.808272 0.014417 0.177311
0.734608 0.011153 0.254240
0.836237 0.019767 0.143996
0.763625 0.036433 0.199942
0.759229 0.019333 0.221438
0.747117 0.013952 0.238931
0.750428 0.029759 0.219812
0.854360 0.028949 0.116691
0.842585 0.010425 0.146990
0.841385 0.044802 0.113813
0.856448 0.032152 0.111400
0.804800 0.039731 0.155469
0.736046 0.048978 0.214975
0.771226 0.038033 0.190741
0.787843 0.024684 0.187474
0.834165 0.031773 0.134062
0.763489 0.028981 0.207530
0.775668 0.021474 0.202858
0.752334 0.000010 0.247656
0.859144 0.036507 0.104349
0.793495 0.029316 0.177190
0.798902 0.019917 0.181181
0.757629 0.033485 0.208886
0.756970 0.021355 0.221675
0.724645 0.044025 0.231330
0.708774 0.044418 0.246808
0.805540 0.040124 0.154336
0.794911 0.025369 0.179720
0.692613 0.063929 0.243459
0.725401 0.008008 0.266591
0.761354 0.048544 0.190101
0.807958 0.055514 0.136528
0.808095 0.029273 0.162632
0.806835 0.024995 0.168170
0.769641 0.015815 0.214543
0.782000 0.015224 0.202776
0.685443 0.000010 0.314547
0.792923 0.047402 0.159675
0.746737 0.059356 0.193907
0.728384 0.033929 0.237687
0.866786 0.000010 0.133204
0.675131 0.038597 0.286272
0.720200 0.031550 0.248250
0.728289 0.061582 0.210130
0.744764 0.033122 0.222114
0.710874 0.036766 0.252360
0.821438 0.036604 0.141958
0.694981 0.032785 0.272233
0.712010 0.034103 0.253887
0.727762 0.023596 0.248642
0.786736 0.014395 0.198869
0.790801 0.034087 0.175112
0.818411 0.022728 0.158861
0.735584 0.028104 0.236312
0.773155 0.051774 0.175072
0.780582 0.029868 0.189550
0.808237 0.008074 0.183689
0.746250 0.029171 0.224579
0.842626 0.014273 0.143101
0.767203 0.007803 0.224995
0.739405 0.046449 0.214145
0.758748 0.008759 0.232493
0.719943 0.041330 0.238728
0.178008 0.181581 0.640411
0.157285 0.062437 0.780277
0.108932 0.065470 0.825598
0.219773 0.022771 0.757456
0.176521 0.053088 0.770391
0.132979 0.108921 0.758100
0.079088 0.195055 0.725858
0.255637 0.055567 0.688796
0.100579 0.092956 0.806465
0.216417 0.022557 0.761026
0.142283 0.049047 0.808671
0.176064 0.103843 0.720092
0.189730 0.027309 0.782961
0.195253 0.072601 0.732146
0.176688 0.052045 0.771266
0.144133 0.072024 0.783843
0.151034 0.066110 0.782856
0.180325 0.053033 0.766642
0.222570 0.081458 0.695973
0.008197 0.122061 0.869742
0.104415 0.065900 0.829685
0.048941 0.079673 0.871386
0.206546 0.109169 0.684286
0.144570 0.087033 0.768398
0.153621 0.107553 0.738827
0.136857 0.097939 0.765204
0.173079 0.080434 0.746487
0.068115 0.564483 0.367401
0.138395 0.099749 0.761856
0.094925 0.130476 0.774599
0.162861 0.107136 0.730003
0.129359 0.101769 0.768872
0.083766 0.083001 0.833234
0.187416 0.125417 0.687166
0.070803 0.098359 0.830838
0.103074 0.078353 0.818573
0.096663 0.073884 0.829453
0.081714 0.081987 0.836299
0.098066 0.098559 0.803374
0.607651 0.000090 0.392259
0.684391 0.000010 0.315599
0.685666 0.012865 0.301469
0.651362 0.005547 0.343091
0.659958 0.009631 0.330411
0.669510 0.022302 0.308188
0.558482 0.001092 0.440425
0.641204 0.000010 0.358786
0.597841 0.014252 0.387906
0.373604 0.043276 0.583120
0.334872 0.055732 0.609396
0.375077 0.032429 0.592494
0.531670 0.014580 0.453750
0.563512 0.006638 0.429851
0.542839 0.013588 0.443573
0.434311 0.029404 0.536286
0.581046 0.028613 0.390341
0.670498 0.012436 0.317066
0.527151 0.020169 0.452680
0.671082 0.015440 0.313478
0.393440 0.093444 0.513115
0.462235 0.012621 0.525144
0.527399 0.019651 0.452950
0.436593 0.009162 0.554244
0.487512 0.000010 0.512478
0.667443 0.012737 0.319820
0.564270 0.000995 0.434735
0.514136 0.006093 0.479771
0.596963 0.044334 0.358703
0.553864 0.031408 0.414728
0.434938 0.026102 0.538960
0.391888 0.000010 0.608102
0.498513 0.005019 0.496468
0.429115 0.015107 0.555778
0.151826 0.070312 0.777862
0.168864 0.048701 0.782435
0.147804 0.066915 0.785281
0.369209 0.037645 0.593147
0.285295 0.035738 0.678968
0.359265 0.030651 0.610083
0.281174 0.021330 0.697497
0.365334 0.034481 0.600185
0.319172 0.004519 0.676309
0.385708 0.031844 0.582448
0.362192 0.029875 0.607933
0.365849 0.029092 0.605059
0.293193 0.050383 0.656424
0.370577 0.026339 0.603084
0.357575 0.000010 0.642415
0.302597 0.020132 0.677271
0.408984 0.022078 0.568937
0.280806 0.048169 0.671025
0.353451 0.044745 0.601804
0.350694 0.024574 0.624732
0.307518 0.050967 0.641515
0.440551 0.020833 0.538616
0.638639 0.013919 0.347441
0.766700 0.014984 0.218317
0.704963 0.030544 0.264493
0.657189 0.009682 0.333130
0.691809 0.018091 0.290100
0.706667 0.034487 0.258846
0.667920 0.000010 0.332070
0.664348 0.002873 0.332780
0.605720 0.011366 0.382914
0.681023 0.005310 0.313668
0.722917 0.000289 0.276794
0.707751 0.009128 0.283121
0.569620 0.012796 0.417584
0.758948 0.022691 0.218362
0.686646 0.029761 0.283593
0.697029 0.029133 0.273838
0.639304 0.007308 0.353388
0.713113 0.001319 0.285569
0.641315 0.007511 0.351175
0.709704 0.003786 0.286511
0.752906 0.000010 0.247084
0.734128 0.012805 0.253067
0.717097 0.005637 0.277266
0.702646 0.025119 0.272235
0.659208 0.028969 0.311823
0.722373 0.030244 0.247383
0.564871 0.013855 0.421275
0.648153 0.024699 0.327148
0.526340 0.007272 0.466389
0.545213 0.010957 0.443830
0.525088 0.040111 0.434801
0.515619 0.000010 0.484371
0.548501 0.019348 0.432151
0.528077 0.000010 0.471913
0.481343 0.033873 0.484784
0.600972 0.035420 0.363608
0.516751 0.017049 0.466200
0.545481 0.024629 0.429890
0.583799 0.000010 0.416191
0.553406 0.003353 0.443241
0.532595 0.000010 0.467395
0.544577 0.021856 0.433567
0.460139 0.037527 0.502334
0.536601 0.014756 0.448643
0.520849 0.028238 0.450913
0.521753 0.003992 0.474255
0.531783 0.005935 0.462282
0.532221 0.006966 0.460813
0.570883 0.015389 0.413728
0.490147 0.014125 0.495728
0.531536 0.037079 0.431385
0.752974 0.019545 0.227481
0.801418 0.011257 0.187324
0.737308 0.020161 0.242531
0.742811 0.009453 0.247736
0.688707 0.014463 0.296830
0.746591 0.027251 0.226157
0.695428 0.029872 0.274700
0.740182 0.010733 0.249084
0.703865 0.015115 0.281020
0.749768 0.015847 0.234385
0.744802 0.004040 0.251159
0.764648 0.000010 0.235342
0.725394 0.003745 0.270860
0.780742 0.014442 0.204817
0.503674 0.000010 0.496316
0.574598 0.005237 0.420165
0.539664 0.000010 0.460326
0.454119 0.008813 0.537068
0.483676 0.028203 0.488122
0.462304 0.000010 0.537686
0.634839 0.007208 0.357953
0.547710 0.012699 0.439591
0.568802 0.000010 0.431188
0.293428 0.013679 0.692893
0.343769 0.059765 0.596466
0.268083 0.014764 0.717153
0.125954 0.034574 0.839472
0.106948 0.028745 0.864307
0.084830 0.116963 0.798207
0.112073 0.094343 0.793584
0.115405 0.091996 0.792599
0.046080 0.083631 0.870289
0.069273 0.054637 0.876090
0.057456 0.132582 0.809962
0.089481 0.102437 0.808082
0.075496 0.105034 0.819470
0.070437 0.134491 0.795071
0.102762 0.095432 0.801806
0.094092 0.079331 0.826577
0.108775 0.090615 0.800610
0.119850 0.100150 0.780001
0.074323 0.115334 0.810343
0.183837 0.230705 0.585457
0.191674 0.076078 0.732248
0.080339 0.074666 0.844996
0.170811 0.086575 0.742615
0.055329 0.096657 0.848014
0.253208 0.093813 0.652979
0.151479 0.113313 0.735209
0.135013 0.105019 0.759968
0.188396 0.121635 0.689969
0.079212 0.119830 0.800958
0.101549 0.080968 0.817482
0.059731 0.105480 0.834789
0.140384 0.070523 0.789093
0.070890 0.116107 0.813002
0.060941 0.047633 0.891427
0.125134 0.139723 0.735144
0.105974 0.105821 0.788205
0.002699 0.067537 0.929764
0.101163 0.101890 0.796947
0.042247 0.110273 0.847480
0.133347 0.107590 0.759063
0.113923 0.071704 0.814373
0.098796 0.153787 0.747417
0.050780 0.117302 0.831918
0.150158 0.094639 0.755203
0.107175 0.108094 0.784731
0.124535 0.163781 0.711684
0.074723 0.087731 0.837546
0.101149 0.123548 0.775303
0.395117 0.019712 0.585172
0.435192 0.000010 0.564798
0.529505 0.000010 0.470485
0.508214 0.023326 0.468460
0.428365 0.017017 0.554618
0.362055 0.004183 0.633762
0.362810 0.000010 0.637180
0.521548 0.017241 0.461211
0.481239 0.000010 0.518751
0.510433 0.015546 0.474021
0.399794 0.006929 0.593277
0.473287 0.000010 0.526703
0.498377 0.010350 0.491273
0.354988 0.007634 0.637377
0.487388 0.036347 0.476265
0.340560 0.030084 0.629356
0.554715 0.006300 0.438985
0.561766 0.029062 0.409172
0.385981 0.040250 0.573769
0.466131 0.037586 0.496282
0.523587 0.003907 0.472506
0.485256 0.000010 0.514734
0.436561 0.016980 0.546459
0.485576 0.045151 0.469273
0.506197 0.009136 0.484668
0.384299 0.009114 0.606587
0.619761 0.028919 0.351320
0.468218 0.034434 0.497348
0.475339 0.007949 0.516712
0.475815 0.008218 0.515968
0.387825 0.052593 0.559581
0.507651 0.021290 0.471059
0.502977 0.014748 0.482275
0.395796 0.025287 0.578917
0.524101 0.012174 0.463725
0.405622 0.030634 0.563744
0.557653 0.027633 0.414714
0.455572 0.029720 0.514709
0.532228 0.035811 0.431961
0.557533 0.029601 0.412867
0.402185 0.010463 0.587352
0.361692 0.074091 0.564217
0.453396 0.011695 0.534909
0.475830 0.018637 0.505533
0.406999 0.022344 0.570657
0.420262 0.000010 0.579728
0.538549 0.045528 0.415923
0.469648 0.026749 0.503603
0.458830 0.049284 0.491885
0.465249 0.012515 0.522236
0.591765 0.024986 0.383250
0.404295 0.030369 0.565337
0.442154 0.016202 0.541644
0.399245 0.013693 0.587062
0.633893 0.095910 0.270197
0.605482 0.009497 0.385021
0.348603 0.040019 0.611377
0.402081 0.000010 0.597909
0.439614 0.011409 0.548977
0.440407 0.039287 0.520306
0.446389 0.016663 0.536948
0.705298 0.030888 0.263815
0.592437 0.000467 0.407096
0.747519 0.000010 0.252471
0.695482 0.013746 0.290772
0.741252 0.006770 0.251978
0.759249 0.007522 0.233229
0.759853 0.000010 0.240137
0.622111 0.000010 0.377879
0.724367 0.010492 0.265142
0.730327 0.000270 0.269403
0.775356 0.008716 0.215928
0.698196 0.000010 0.301794
0.714486 0.000010 0.285504
0.758076 0.008829 0.233095
0.804514 0.012403 0.183083
0.707878 0.009142 0.282980
0.633851 0.000010 0.366139
0.712707 0.032848 0.254445
0.672861 0.000010 0.327129
0.672752 0.000010 0.327238
0.691776 0.005638 0.302586
0.678974 0.000010 0.321016
0.669937 0.000585 0.329478
0.745677 0.049733 0.204590
0.759628 0.025987 0.214385
0.788220 0.008546 0.203234
0.743373 0.024174 0.232453
0.694439 0.036616 0.268946
0.807931 0.015951 0.176118
0.687383 0.025826 0.286791
0.703335 0.029475 0.267190
0.745365 0.000010 0.254625
0.693729 0.020220 0.286051
0.715635 0.036836 0.247529
0.721792 0.013745 0.264463
0.779091 0.008653 0.212256
0.716001 0.001505 0.282493
0.800779 0.000010 0.199211
0.767934 0.032282 0.199785
0.729059 0.025382 0.245559
0.766309 0.004149 0.229543
0.778357 0.024103 0.197539
0.369976 0.041554 0.588470
0.526361 0.000010 0.473629
0.864231 0.022284 0.113485
0.936214 0.010036 0.053749
0.851428 0.012723 0.135849
0.746146 0.012657 0.241198
0.850883 0.032728 0.116390
0.936517 0.028173 0.035310
0.841939 0.014091 0.143970
0.882323 0.039659 0.078018
0.872421 0.047282 0.080297
0.799940 0.033765 0.166295
0.832367 0.000010 0.167623
0.802866 0.024476 0.172658
0.897460 0.030600 0.071940
0.844562 0.008698 0.146740
0.821563 0.034370 0.144067
0.892171 0.039685 0.068145
0.722018 0.027312 0.250671
0.798850 0.005224 0.195926
0.926786 0.020075 0.053140
0.871812 0.007800 0.120388
0.840671 0.007240 0.152089
0.840175 0.016259 0.143567
0.822543 0.002301 0.175156
0.782454 0.006831 0.210715
0.915499 0.017742 0.066759
0.832542 0.000010 0.167448
0.917002 0.012582 0.070416
0.925912 0.007178 0.066910
0.875154 0.004118 0.120728
0.792716 0.027633 0.179651
0.542132 0.009466 0.448402
0.491947 0.001457 0.506596
0.419628 0.026701 0.553671
0.414511 0.009618 0.575871
0.561097 0.010905 0.427998
0.535351 0.012125 0.452525
0.462062 0.024580 0.513357
0.503917 0.000010 0.496073
0.528099 0.000010 0.471891
0.600486 0.008363 0.391151
0.524826 0.000010 0.475164
0.456121 0.009726 0.534153
0.536755 0.000010 0.463235
0.472375 0.000010 0.527615
0.461888 0.000010 0.538102
0.793295 0.010842 0.195863
0.803326 0.009776 0.186898
0.841228 0.010508 0.148264
0.805354 0.024309 0.170336
0.806231 0.021156 0.172612
0.724851 0.027983 0.247166
0.777104 0.015682 0.207213
0.763733 0.032512 0.203755
0.671453 0.020596 0.307951
0.700460 0.033430 0.266110
0.782339 0.057170 0.160491
0.704064 0.011939 0.283997
0.789495 0.054310 0.156195
0.738795 0.021983 0.239222
0.737898 0.036112 0.225991
0.677205 0.027954 0.294841
0.789075 0.019991 0.190934
0.737511 0.055031 0.207458
0.752861 0.032451 0.214687
0.781493 0.042752 0.175755
0.705551 0.043245 0.251204
0.864303 0.042552 0.093145
0.783023 0.036891 0.180085
0.810330 0.037497 0.152173
0.758573 0.033133 0.208293
0.706686 0.055320 0.237994
0.780152 0.013150 0.206699
0.769529 0.022653 0.207818
0.819928 0.023932 0.156140
0.708532 0.000010 0.291458
0.712197 0.034319 0.253484
0.636073 0.064127 0.299800
0.791003 0.012504 0.196493
0.776472 0.027547 0.195981
0.000010 0.999980 0.000010
0.000010 0.999980 0.000010
0.000010 0.999980 0.000010
0.000010 0.999980 0.000010
0.000010 0.999980 0.000010
0.000010 0.999980 0.000010
0.000010 0.999980 0.000010
0.000010 0.999980 0.000010
0.000010 0.999980 0.000010
0.000010 0.999980 0.000010
0.000010 0.999980 0.000010
0.000010 0.999980 0.000010
0.233872 0.032649 0.733479
0.171358 0.050812 0.777831
0.110981 0.105905 0.783113
0.134126 0.087766 0.778108
0.144162 0.057148 0.798690
0.081277 0.130696 0.788027
0.030112 0.121909 0.847980
0.085339 0.095092 0.819569
0.152646 0.035459 0.811896
0.159808 0.094964 0.745228
0.183606 0.057547 0.758847
0.126071 0.041437 0.832492
0.067773 0.128326 0.803901
0.034499 0.112294 0.853207
0.298803 0.073879 0.627318
0.223701 0.109141 0.667157
0.281644 0.014877 0.703479
0.346928 0.029876 0.623196
0.300098 0.043488 0.656414
0.269879 0.044435 0.685686
0.295091 0.047224 0.657686
0.297816 0.042507 0.659677
0.236094 0.038047 0.725859
0.207615 0.054231 0.738155
0.237691 0.062170 0.700138
0.210418 0.059681 0.729901
0.274292 0.048741 0.676968
0.290827 0.040125 0.669048
0.194601 0.059153 0.746247
0.175627 0.013948 0.810426
0.298721 0.026242 0.675038
0.317410 0.054131 0.628459
0.267461 0.053181 0.679358
0.230367 0.051807 0.717826
0.301675 0.032862 0.665462
0.623340 0.012254 0.364407
0.578586 0.007584 0.413830
0.595372 0.007222 0.397405
0.640996 0.000010 0.358994
0.600217 0.047303 0.352480
0.601366 0.005712 0.392922
0.584256 0.000010 0.415734
0.594713 0.018725 0.386562
0.438216 0.001185 0.560600
0.556546 0.028144 0.415309
0.513853 0.025077 0.461070
0.616933 0.045458 0.337609
0.408887 0.024666 0.566447
0.540952 0.035521 0.423527
0.484528 0.022009 0.493463
0.482290 0.031593 0.486116
0.565980 0.025117 0.408903
0.400267 0.006510 0.593224
0.394896 0.023470 0.581634
0.501904 0.013007 0.485089
0.426185 0.041501 0.532314
0.477522 0.025300 0.497178
0.499962 0.010535 0.489503
0.484434 0.025525 0.490042
0.428069 0.026862 0.545069
0.618367 0.000495 0.381139
0.434297 0.008999 0.556704
0.554731 0.004237 0.441032
0.582846 0.018877 0.398277
0.529813 0.000010 0.470177
0.526108 0.025438 0.448454
0.495358 0.013334 0.491308
0.545968 0.000010 0.454022
0.550499 0.024053 0.425447
0.499300 0.017390 0.483310
0.628564 0.017955 0.353482
0.545965 0.015008 0.439027
0.608509 0.021273 0.370218
0.499312 0.000010 0.500678
0.611733 0.007674 0.380593
0.549581 0.019452 0.430967
0.511447 0.001115 0.487439
0.465476 0.000076 0.534448
0.490034 0.000010 0.509956
0.444516 0.014450 0.541034
0.532230 0.030896 0.436874
0.462417 0.000010 0.537573
0.526856 0.002966 0.470177
0.554146 0.011369 0.434485
