0.006073 0.258014 0.263810 0.020032 0.452070
0.001420 0.310035 0.249203 0.015203 0.424139
0.003351 0.284164 0.261807 0.048976 0.401702
0.010067 0.411503 0.106354 0.037068 0.435008
0.000010 0.429839 0.135072 0.015522 0.419556
0.000010 0.471982 0.070124 0.022890 0.434994
0.000010 0.391031 0.123804 0.008745 0.476411
0.008516 0.455398 0.094561 0.000773 0.440752
0.000010 0.430260 0.162192 0.016101 0.391437
0.004339 0.427573 0.109429 0.012644 0.446016
0.006515 0.439300 0.128437 0.021250 0.404498
0.000010 0.414749 0.106690 0.025147 0.453405
0.024327 0.417762 0.156163 0.000010 0.401738
0.009379 0.391111 0.108297 0.000010 0.491203
0.012285 0.533600 0.103527 0.007190 0.343397
0.000010 0.539399 0.051850 0.026441 0.382301
0.000010 0.514891 0.072868 0.020778 0.391453
0.031875 0.482357 0.062998 0.013108 0.409662
0.009038 0.413255 0.118135 0.030874 0.428698
0.003108 0.480596 0.091241 0.025005 0.400050
0.018006 0.432904 0.112114 0.019615 0.417362
0.002437 0.526388 0.107167 0.000010 0.363998
0.001671 0.476746 0.101846 0.025517 0.394220
0.021882 0.481307 0.064944 0.009521 0.422346
0.000010 0.503536 0.068906 0.034049 0.393500
0.010167 0.511415 0.036971 0.050831 0.390615
0.018316 0.452330 0.122395 0.019210 0.387748
0.000010 0.594030 0.043995 0.023971 0.337994
0.013417 0.491915 0.059840 0.013453 0.421375
0.007760 0.526016 0.077154 0.000010 0.389060
0.007723 0.460830 0.102250 0.014682 0.414515
0.018164 0.565725 0.040731 0.019233 0.356147
0.002227 0.493615 0.077872 0.031255 0.395031
0.008108 0.408330 0.125140 0.002485 0.455937
0.000662 0.492346 0.071936 0.015248 0.419807
0.009329 0.502557 0.081752 0.026996 0.379366
0.002968 0.506199 0.118939 0.000010 0.371884
0.006910 0.378893 0.050069 0.026700 0.537429
0.000010 0.361654 0.225228 0.073343 0.339764
0.000010 0.359490 0.302415 0.000010 0.338075
0.008605 0.314755 0.303166 0.035054 0.338419
0.000010 0.331021 0.251051 0.108775 0.309144
0.005711 0.381166 0.270125 0.030227 0.312770
0.000010 0.328330 0.256660 0.061828 0.353172
0.000010 0.363773 0.219220 0.051401 0.365596
0.000010 0.413395 0.216902 0.076141 0.293552
0.000010 0.334205 0.320011 0.047236 0.298537
0.005949 0.245452 0.303124 0.038008 0.407468
0.010951 0.318724 0.304680 0.009946 0.355700
0.000010 0.345073 0.267976 0.030219 0.356722
0.011311 0.354533 0.264863 0.046283 0.323009
0.000010 0.358238 0.275414 0.025049 0.341290
0.009260 0.380372 0.284176 0.013550 0.312643
0.011324 0.344254 0.233050 0.072493 0.338879
0.475632 0.000010 0.025370 0.015088 0.483900
0.430323 0.027556 0.074785 0.018877 0.448458
0.463851 0.000010 0.000010 0.020964 0.515165
0.473607 0.000010 0.009786 0.041088 0.475508
0.428561 0.000010 0.006770 0.006313 0.558346
0.452341 0.035406 0.000010 0.004780 0.507463
0.454743 0.000010 0.016906 0.039003 0.489337
0.452531 0.000010 0.022505 0.041384 0.483570
0.459337 0.000010 0.015888 0.021194 0.503571
0.477270 0.000010 0.050641 0.013513 0.458566
0.972697 0.021843 0.000010 0.000010 0.005439
0.948410 0.000010 0.015561 0.036009 0.000010
0.970727 0.000010 0.005874 0.000010 0.023378
0.929939 0.012756 0.040681 0.000010 0.016614
0.950316 0.000010 0.041344 0.003962 0.004368
0.969888 0.030082 0.000010 0.000010 0.000010
0.952824 0.002088 0.023764 0.000010 0.021314
0.955619 0.013839 0.006295 0.004747 0.019499
0.976085 0.000010 0.007906 0.009611 0.006387
0.967816 0.000010 0.026891 0.005274 0.000010
0.941305 0.000010 0.001435 0.021205 0.036046
0.938491 0.014244 0.019710 0.017262 0.010294
0.969306 0.000010 0.007746 0.000010 0.022929
0.018851 0.530678 0.064196 0.007261 0.379015
0.010206 0.527558 0.048243 0.048417 0.365576
0.031723 0.494682 0.069526 0.013676 0.390393
0.031047 0.518059 0.052860 0.023461 0.374574
0.011276 0.473646 0.115609 0.025895 0.373574
0.000010 0.540718 0.087703 0.008112 0.363458
0.000010 0.450245 0.130292 0.001175 0.418277
0.000879 0.479182 0.099180 0.028408 0.392351
0.000010 0.474899 0.120305 0.017219 0.387567
0.006629 0.462465 0.132781 0.008737 0.389389
0.000010 0.510072 0.107152 0.018582 0.364185
0.000010 0.492875 0.091803 0.000010 0.415301
0.026070 0.465657 0.086368 0.004157 0.417748
0.025335 0.552956 0.009437 0.031167 0.381104
0.000010 0.471827 0.078477 0.030271 0.419415
0.021533 0.508252 0.088992 0.025657 0.355566
0.015957 0.502920 0.082329 0.005034 0.393759
0.014238 0.526044 0.066343 0.000146 0.393229
0.017471 0.435512 0.084806 0.031753 0.430458
0.008616 0.494938 0.085460 0.011481 0.399506
0.013354 0.425576 0.141363 0.000010 0.419698
0.004174 0.463334 0.134137 0.002077 0.396277
0.023179 0.512130 0.061383 0.011024 0.392284
0.000010 0.505950 0.051685 0.039357 0.402999
0.000010 0.489595 0.084461 0.051915 0.374018
0.012775 0.524176 0.040883 0.017984 0.404182
0.012628 0.481195 0.102668 0.034107 0.369402
0.000010 0.493188 0.092474 0.021457 0.392871
0.017319 0.491453 0.097384 0.022254 0.371590
0.000010 0.431076 0.102389 0.011706 0.454819
0.754240 0.000010 0.032418 0.041307 0.172025
0.749976 0.000010 0.034111 0.012289 0.203615
0.733133 0.000010 0.020616 0.030769 0.215472
0.756803 0.000010 0.000010 0.021028 0.222149
0.734276 0.000010 0.000010 0.062638 0.203066
0.722270 0.000010 0.028299 0.012886 0.236535
0.739879 0.000010 0.059509 0.030010 0.170593
0.684314 0.000010 0.000010 0.049450 0.266217
0.733750 0.000010 0.000010 0.012402 0.253828
0.742564 0.010637 0.020846 0.031434 0.194519
0.736140 0.000010 0.045401 0.026028 0.192421
0.715847 0.000010 0.020589 0.042685 0.220870
0.752879 0.000010 0.023943 0.039936 0.183232
0.710692 0.019911 0.045085 0.031746 0.192566
0.711415 0.000010 0.018214 0.042808 0.227554
0.000010 0.234694 0.185439 0.022043 0.557815
0.000010 0.181320 0.287266 0.008469 0.522936
0.000010 0.183708 0.275944 0.000010 0.540329
0.000010 0.248518 0.237864 0.000010 0.513598
0.000010 0.230630 0.260173 0.002705 0.506482
0.000010 0.225299 0.244945 0.010787 0.518959
0.003025 0.163426 0.309822 0.000010 0.523717
0.000010 0.251494 0.235014 0.000010 0.513471
0.000010 0.238976 0.235034 0.000010 0.525970
0.000010 0.321514 0.262042 0.000010 0.416425
0.003438 0.228726 0.195496 0.034897 0.537443
0.007363 0.281830 0.176498 0.000010 0.534299
0.000010 0.270965 0.229742 0.000010 0.499273
0.008068 0.246769 0.227834 0.003820 0.513509
0.000985 0.249425 0.199637 0.000010 0.549942
0.000010 0.254266 0.219397 0.008368 0.517958
0.000010 0.211989 0.288375 0.071359 0.428267
0.021764 0.238553 0.279580 0.042231 0.417872
0.025836 0.243954 0.237267 0.092263 0.400679
0.021565 0.330316 0.244310 0.034108 0.369701
0.000728 0.210334 0.292573 0.070521 0.425843
0.000010 0.213515 0.286635 0.100799 0.399041
0.000010 0.240080 0.299475 0.037854 0.422580
0.020125 0.219591 0.303803 0.049824 0.406657
0.006962 0.208815 0.285283 0.091343 0.407597
0.012797 0.210669 0.308906 0.044628 0.423000
0.032645 0.226821 0.218699 0.088388 0.433446
0.000010 0.246184 0.250616 0.073594 0.429596
0.006814 0.235473 0.281034 0.062513 0.414166
0.013123 0.223097 0.313669 0.039161 0.410950
0.025193 0.246203 0.284173 0.083135 0.361296
0.017386 0.341923 0.289958 0.053854 0.296879
0.000010 0.339862 0.276225 0.049921 0.333982
0.000010 0.334108 0.268450 0.065907 0.331526
0.000010 0.137219 0.575288 0.010297 0.277185
0.010701 0.113691 0.615198 0.090891 0.169520
0.175288 0.149854 0.393786 0.020246 0.260825
0.000010 0.091597 0.672781 0.025734 0.209878
0.122575 0.122471 0.445886 0.036992 0.272075
0.041766 0.108851 0.533598 0.021698 0.294088
0.023369 0.122342 0.564721 0.036745 0.252823
0.010595 0.233057 0.525980 0.041284 0.189084
0.006366 0.166000 0.529991 0.087150 0.210492
0.022042 0.109401 0.701029 0.130412 0.037117
0.028692 0.175002 0.569501 0.011557 0.215248
0.000010 0.131171 0.604786 0.054826 0.209206
0.104789 0.075696 0.482223 0.048974 0.288316
0.052904 0.155601 0.513601 0.047578 0.230316
0.030971 0.123727 0.568726 0.000010 0.276565
0.008138 0.243334 0.505814 0.057501 0.185213
0.017230 0.108492 0.572435 0.023614 0.278227
0.019380 0.109599 0.546929 0.052827 0.271266
0.049458 0.144060 0.578239 0.038233 0.190011
0.007161 0.062273 0.653253 0.065668 0.211645
0.022974 0.112765 0.605215 0.039459 0.219587
0.024875 0.140195 0.593543 0.053606 0.187781
0.035282 0.116991 0.595473 0.054475 0.197779
0.984119 0.012981 0.000010 0.000010 0.002880
0.962468 0.032769 0.001985 0.000010 0.002769
0.964579 0.010181 0.015555 0.000010 0.009676
0.923581 0.000010 0.000010 0.022929 0.053470
0.976109 0.000547 0.000010 0.022130 0.001204
0.910481 0.000010 0.035988 0.000010 0.053511
0.888133 0.000010 0.000010 0.000010 0.111837
0.971245 0.000973 0.000010 0.006238 0.021534
0.972358 0.000010 0.026899 0.000010 0.000723
0.999960 0.000010 0.000010 0.000010 0.000010
0.999960 0.000010 0.000010 0.000010 0.000010
0.977871 0.000010 0.005348 0.016760 0.000010
0.973590 0.000010 0.003346 0.023044 0.000010
0.979369 0.000010 0.020601 0.000010 0.000010
0.988138 0.000010 0.001431 0.010411 0.000010
0.972965 0.008449 0.018566 0.000010 0.000010
0.991452 0.002160 0.001544 0.004834 0.000010
0.017039 0.683380 0.000010 0.000010 0.299560
0.024629 0.697776 0.010133 0.010993 0.256468
0.008352 0.747851 0.000010 0.015735 0.228052
0.034140 0.721868 0.000010 0.008021 0.235961
0.005517 0.697768 0.000010 0.025683 0.271022
0.034460 0.707295 0.019781 0.000010 0.238454
0.013083 0.727250 0.000010 0.021426 0.238231
0.002078 0.688105 0.040430 0.000010 0.269377
0.008879 0.729969 0.017276 0.000010 0.243866
0.000010 0.782402 0.000010 0.016236 0.201343
0.024595 0.768847 0.000010 0.000010 0.206539
0.000010 0.689341 0.019653 0.017755 0.273241
0.000010 0.727840 0.000010 0.014523 0.257618
0.019401 0.769817 0.000010 0.026443 0.184329
0.000479 0.681641 0.045861 0.002573 0.269446
0.021591 0.762658 0.000010 0.000010 0.215731
0.000010 0.703764 0.000010 0.024017 0.272198
0.038839 0.690566 0.000010 0.012600 0.257985
0.008200 0.726016 0.000010 0.000010 0.265764
0.000010 0.745809 0.000010 0.004989 0.249182
0.000010 0.721824 0.000010 0.009010 0.269145
0.004550 0.731120 0.030028 0.012361 0.221941
0.000010 0.699317 0.000010 0.011209 0.289454
0.085739 0.000010 0.088488 0.042961 0.782802
0.102050 0.063151 0.086897 0.006206 0.741696
0.132507 0.106944 0.127234 0.000010 0.633306
0.064016 0.000010 0.080815 0.032370 0.822789
0.199285 0.138235 0.044654 0.022296 0.595530
0.067051 0.000010 0.102630 0.000010 0.830300
0.082015 0.153374 0.158913 0.025988 0.579710
0.106992 0.110758 0.138574 0.000010 0.643667
0.076989 0.080120 0.133168 0.019294 0.690429
0.067263 0.026620 0.074995 0.016549 0.814573
0.069627 0.000010 0.123062 0.000010 0.807291
0.105859 0.150732 0.165851 0.012358 0.565200
0.141286 0.168843 0.089956 0.017323 0.582592
0.822586 0.000010 0.026157 0.020373 0.130875
0.124836 0.201912 0.077552 0.015963 0.579736
0.090436 0.062458 0.055841 0.016236 0.775029
0.090816 0.005291 0.106895 0.000010 0.796988
0.089964 0.190366 0.105151 0.025300 0.589220
0.099189 0.097212 0.189211 0.000010 0.614378
0.145508 0.000010 0.126368 0.017755 0.710359
0.077674 0.108672 0.155565 0.049468 0.608620
0.108103 0.164138 0.149529 0.012891 0.565338
0.065443 0.007722 0.087258 0.036905 0.802673
0.177458 0.149240 0.120708 0.011541 0.541053
0.163035 0.119281 0.147750 0.000010 0.569924
0.131776 0.147066 0.142682 0.023465 0.555011
0.086672 0.051202 0.084107 0.008171 0.769847
0.106707 0.116988 0.131919 0.035474 0.608912
0.147325 0.128509 0.083152 0.000010 0.641004
0.110021 0.137251 0.100900 0.004952 0.646877
0.172921 0.085566 0.147287 0.001695 0.592532
0.072730 0.018468 0.107259 0.022843 0.778700
0.085619 0.059135 0.179070 0.006993 0.669183
0.057653 0.000010 0.088141 0.021808 0.832389
0.090579 0.195261 0.166140 0.001915 0.546104
0.124591 0.115136 0.127979 0.032417 0.599877
0.214052 0.079528 0.096235 0.000010 0.610174
0.113108 0.117820 0.140296 0.000010 0.628766
0.088979 0.002665 0.067574 0.045064 0.795718
0.065181 0.000010 0.091600 0.040449 0.802760
0.073144 0.000010 0.101504 0.043076 0.782265
0.072199 0.012670 0.073182 0.020263 0.821687
0.070097 0.019188 0.127084 0.009385 0.774245
0.063221 0.203956 0.155273 0.000010 0.577540
0.075299 0.000010 0.115814 0.009877 0.799000
0.026951 0.732490 0.120861 0.030771 0.088928
0.031456 0.857872 0.071153 0.021791 0.017728
0.015593 0.816743 0.066559 0.027433 0.073671
0.014600 0.800777 0.095433 0.028853 0.060338
0.000010 0.783796 0.153062 0.011473 0.051660
0.000580 0.756324 0.081427 0.015705 0.145964
0.015941 0.879316 0.083255 0.000010 0.021478
0.000010 0.763955 0.102015 0.042625 0.091395
0.028774 0.864911 0.069831 0.003448 0.033035
0.001546 0.813829 0.079769 0.026588 0.078268
0.019988 0.832801 0.097283 0.026960 0.022967
0.000010 0.795770 0.137645 0.000782 0.065793
0.008533 0.774385 0.093002 0.008689 0.115391
0.000010 0.815666 0.044362 0.029804 0.110158
0.000010 0.816462 0.090098 0.027400 0.066030
0.015698 0.820898 0.111866 0.000010 0.051529
0.998081 0.001889 0.000010 0.000010 0.000010
0.999960 0.000010 0.000010 0.000010 0.000010
0.982600 0.000010 0.000010 0.017370 0.000010
0.999112 0.000010 0.000010 0.000858 0.000010
0.999960 0.000010 0.000010 0.000010 0.000010
0.995262 0.000010 0.000010 0.004708 0.000010
0.998884 0.000010 0.000010 0.001086 0.000010
0.992413 0.007557 0.000010 0.000010 0.000010
0.999960 0.000010 0.000010 0.000010 0.000010
0.999960 0.000010 0.000010 0.000010 0.000010
0.984594 0.000010 0.000010 0.015376 0.000010
0.999960 0.000010 0.000010 0.000010 0.000010
0.996072 0.000010 0.000010 0.003898 0.000010
0.991626 0.000010 0.008344 0.000010 0.000010
0.999960 0.000010 0.000010 0.000010 0.000010
0.999706 0.000010 0.000264 0.000010 0.000010
0.991172 0.004638 0.000010 0.004170 0.000010
0.994694 0.000010 0.000010 0.005276 0.000010
0.992893 0.005644 0.001254 0.000200 0.000010
0.016785 0.672403 0.092216 0.011036 0.207561
0.000010 0.674295 0.106393 0.019504 0.199797
0.000010 0.706180 0.072792 0.012864 0.208154
0.009721 0.717975 0.069983 0.015108 0.187214
0.000010 0.655804 0.067650 0.043544 0.232992
0.000010 0.681327 0.062500 0.047827 0.208336
0.014475 0.690236 0.066501 0.023871 0.204917
0.001996 0.689076 0.064890 0.001023 0.243015
0.008122 0.655428 0.109833 0.004534 0.222084
0.015666 0.707153 0.087606 0.000010 0.189565
0.002665 0.674704 0.140186 0.000010 0.182435
0.012227 0.636886 0.100214 0.020860 0.229811
0.023525 0.736836 0.045945 0.023713 0.169981
0.004557 0.660411 0.099187 0.000010 0.235834
0.031924 0.159029 0.576615 0.028185 0.204247
0.024008 0.142229 0.586062 0.000010 0.247692
0.041786 0.043110 0.609347 0.024101 0.281656
0.033882 0.094130 0.533107 0.027060 0.311821
0.003296 0.113152 0.533458 0.032816 0.317277
0.024335 0.181430 0.538872 0.019564 0.235799
0.017875 0.097793 0.599280 0.000010 0.285042
0.018943 0.084130 0.587380 0.018939 0.290607
0.017381 0.164826 0.531410 0.064933 0.221450
0.052445 0.150583 0.600643 0.000010 0.196319
0.034327 0.169321 0.525356 0.044281 0.226715
0.010827 0.132710 0.619568 0.000010 0.236885
0.052683 0.156901 0.552087 0.027934 0.210396
0.160305 0.153630 0.487168 0.043914 0.154983
0.019443 0.132854 0.630019 0.030718 0.186965
0.014379 0.098863 0.574219 0.038976 0.273562
0.046656 0.075256 0.625036 0.041975 0.211077
0.075354 0.106387 0.622250 0.035346 0.160662
0.043971 0.123283 0.541541 0.018816 0.272389
0.050868 0.103675 0.556880 0.016324 0.272252
0.026667 0.127535 0.584229 0.027541 0.234028
0.072332 0.115808 0.556468 0.004848 0.250544
0.036982 0.107003 0.599059 0.002060 0.254895
0.018530 0.605154 0.067775 0.024638 0.283902
0.000010 0.617864 0.100846 0.000010 0.281270
0.000010 0.576956 0.122621 0.000010 0.300403
0.007630 0.604583 0.083951 0.023406 0.280430
0.017240 0.610036 0.065723 0.011177 0.295825
0.017666 0.599198 0.100115 0.025351 0.257669
0.000159 0.498803 0.060181 0.013857 0.427000
0.001656 0.586865 0.069117 0.063867 0.278495
0.015149 0.623321 0.086850 0.036817 0.237863
0.009508 0.562939 0.082608 0.024497 0.320448
0.000010 0.546858 0.136225 0.023425 0.293481
0.007865 0.558660 0.058229 0.018803 0.356442
0.016590 0.645219 0.022320 0.037280 0.278591
0.015569 0.613198 0.064801 0.013538 0.292895
0.005497 0.595457 0.033240 0.059323 0.306483
0.000010 0.668787 0.056922 0.021165 0.253117
0.011145 0.644045 0.099623 0.001686 0.243500
0.000010 0.577718 0.099315 0.025644 0.297314
0.010435 0.581502 0.111827 0.010977 0.285259
0.005079 0.601192 0.080468 0.013679 0.299582
0.032665 0.601380 0.044013 0.011230 0.310713
0.035859 0.598279 0.115976 0.000010 0.249875
0.006799 0.631604 0.086767 0.004364 0.270465
0.010311 0.490791 0.206654 0.027449 0.264794
0.001236 0.485203 0.108815 0.087920 0.316825
0.010844 0.658070 0.112455 0.000010 0.218621
0.016164 0.634465 0.078225 0.000010 0.271136
0.005345 0.575136 0.099509 0.009775 0.310235
0.013556 0.579760 0.066370 0.033364 0.306950
0.011306 0.606908 0.081261 0.045543 0.254981
0.008648 0.200140 0.527263 0.205556 0.058392
0.000010 0.228116 0.544046 0.156381 0.071447
0.007481 0.117791 0.608344 0.162593 0.103791
0.000010 0.145487 0.579244 0.157378 0.117880
0.008018 0.172826 0.548096 0.148932 0.122127
0.022095 0.169953 0.568017 0.168369 0.071565
0.008180 0.071485 0.623242 0.148015 0.149079
0.024530 0.192371 0.505005 0.168328 0.109766
0.000010 0.175710 0.551581 0.191437 0.081262
0.000010 0.141444 0.575490 0.186714 0.096341
0.005473 0.144659 0.581526 0.180239 0.088103
0.001578 0.133804 0.594117 0.186486 0.084016
0.026347 0.139135 0.606253 0.154639 0.073626
0.000010 0.114780 0.601754 0.151225 0.132231
0.030368 0.201001 0.554439 0.168945 0.045246
0.000010 0.191863 0.581305 0.153190 0.073632
0.003202 0.170208 0.598498 0.156019 0.072074
0.000010 0.156260 0.585147 0.166684 0.091899
0.011713 0.128861 0.525847 0.201966 0.131613
0.021884 0.151796 0.520349 0.196975 0.108996
0.003812 0.207182 0.535502 0.154309 0.099194
0.009652 0.147331 0.626090 0.141318 0.075609
0.020766 0.117361 0.596392 0.164232 0.101249
0.034285 0.127864 0.599856 0.174019 0.063975
0.005452 0.199768 0.555050 0.186686 0.053044
0.025821 0.375941 0.090587 0.008048 0.499603
0.002214 0.397692 0.110850 0.000010 0.489234
0.030648 0.397765 0.098914 0.000010 0.472664
0.012560 0.343822 0.139943 0.000010 0.503666
0.015052 0.359999 0.138240 0.000010 0.486700
0.006214 0.442099 0.099844 0.012979 0.438865
0.015795 0.311100 0.123298 0.031249 0.518558
0.020489 0.432556 0.098921 0.011577 0.436457
0.037249 0.378010 0.111425 0.004700 0.468616
0.005622 0.421031 0.133900 0.000010 0.439438
0.027749 0.446850 0.080069 0.000010 0.445322
0.025267 0.375037 0.102250 0.000010 0.497436
0.000010 0.425060 0.094978 0.004376 0.475576
0.036817 0.399350 0.118225 0.000010 0.445599
0.010595 0.407246 0.129204 0.012922 0.440032
0.016714 0.388304 0.128126 0.023493 0.443363
0.021074 0.355387 0.080803 0.021170 0.521566
0.000010 0.000010 0.000010 0.999960 0.000010
0.008472 0.000010 0.000010 0.991498 0.000010
0.014077 0.001598 0.019785 0.964529 0.000010
0.000010 0.000010 0.000010 0.999960 0.000010
0.005097 0.000010 0.000010 0.994873 0.000010
0.000010 0.000010 0.000010 0.999960 0.000010
0.000010 0.000010 0.000010 0.999960 0.000010
0.000010 0.000010 0.000010 0.999960 0.000010
0.014939 0.000010 0.000010 0.985031 0.000010
0.000010 0.000010 0.000010 0.999960 0.000010
0.000010 0.000010 0.019891 0.973862 0.006227
0.000010 0.000010 0.008404 0.989620 0.001956
0.008319 0.001773 0.000010 0.989888 0.000010
0.004358 0.000010 0.000010 0.983164 0.012457
0.000010 0.000010 0.027279 0.972691 0.000010
0.000010 0.000010 0.000010 0.999960 0.000010
0.000010 0.000010 0.004470 0.995500 0.000010
0.000010 0.000010 0.000010 0.999960 0.000010
0.000010 0.000010 0.000010 0.999960 0.000010
0.000010 0.026415 0.000010 0.962571 0.010994
0.000010 0.000010 0.000010 0.999960 0.000010
0.000010 0.000010 0.000010 0.999960 0.000010
0.000010 0.000010 0.002982 0.988045 0.008953
0.000706 0.000010 0.000010 0.999264 0.000010
0.001355 0.009302 0.003923 0.985410 0.000010
0.000010 0.000010 0.000010 0.989570 0.010400
0.000010 0.006468 0.000010 0.985602 0.007911
0.000010 0.000010 0.010492 0.989478 0.000010
0.000010 0.000010 0.000010 0.999960 0.000010
0.000010 0.000010 0.006837 0.993133 0.000010
0.000010 0.000010 0.024678 0.975292 0.000010
0.000010 0.014342 0.000010 0.975262 0.010376
0.000010 0.000010 0.001980 0.997990 0.000010
0.000010 0.016512 0.000010 0.976863 0.006605
0.001081 0.000010 0.000010 0.998889 0.000010
0.000010 0.000010 0.000010 0.999960 0.000010
0.000010 0.000010 0.000010 0.999960 0.000010
0.003704 0.000010 0.000010 0.996266 0.000010
0.000010 0.000010 0.000010 0.999960 0.000010
0.000010 0.000010 0.000010 0.999960 0.000010
0.024308 0.005127 0.000366 0.970189 0.000010
0.000010 0.000010 0.000010 0.999960 0.000010
0.000010 0.001501 0.000010 0.978069 0.020410
0.000010 0.000010 0.000010 0.999960 0.000010
0.000010 0.000010 0.041979 0.957991 0.000010
0.000010 0.000010 0.000010 0.999960 0.000010
0.000010 0.000010 0.000010 0.999960 0.000010
0.000010 0.000010 0.008102 0.975151 0.016727
0.000010 0.003090 0.002067 0.994822 0.000010
0.000010 0.000010 0.004202 0.995768 0.000010
0.000010 0.000010 0.000010 0.999960 0.000010
0.002292 0.000010 0.000010 0.997678 0.000010
0.000010 0.000010 0.010647 0.981203 0.008130
0.000010 0.007133 0.000010 0.992697 0.000150
0.000010 0.000010 0.000010 0.999960 0.000010
0.008306 0.008037 0.000010 0.983637 0.000010
0.000010 0.000010 0.000010 0.999960 0.000010
0.000010 0.000010 0.027474 0.964210 0.008295
0.000012 0.000010 0.010360 0.964559 0.025059
0.000010 0.000010 0.000010 0.999960 0.000010
0.007173 0.000010 0.000010 0.992797 0.000010
0.000010 0.000010 0.000010 0.999960 0.000010
0.000010 0.000010 0.030011 0.969959 0.000010
0.000010 0.000010 0.000010 0.999960 0.000010
0.000010 0.000010 0.004235 0.995735 0.000010
0.000010 0.000010 0.000010 0.999960 0.000010
0.000010 0.000010 0.000010 0.999960 0.000010
0.000341 0.000010 0.000010 0.980747 0.018892
0.000010 0.004224 0.000010 0.980944 0.014812
0.000010 0.000010 0.015951 0.984019 0.000010
0.000010 0.000010 0.000010 0.999960 0.000010
0.000010 0.000010 0.000010 0.999960 0.000010
0.000010 0.000010 0.023002 0.975292 0.001686
0.000010 0.012592 0.000010 0.987378 0.000010
0.000010 0.000010 0.000010 0.999960 0.000010
0.000010 0.000010 0.036116 0.963854 0.000010
0.000010 0.000010 0.000010 0.999960 0.000010
0.000010 0.000010 0.000010 0.999960 0.000010
0.000010 0.000010 0.000010 0.999960 0.000010
0.000010 0.000010 0.000010 0.999388 0.000582
0.000010 0.000010 0.000010 0.999960 0.000010
0.000010 0.000010 0.000010 0.999960 0.000010
0.000010 0.007745 0.000010 0.992225 0.000010
0.000010 0.000010 0.000010 0.999960 0.000010
0.000010 0.000010 0.011560 0.988410 0.000010
0.000010 0.000010 0.000010 0.999960 0.000010
0.000010 0.000010 0.000010 0.999960 0.000010
0.016582 0.000010 0.000010 0.983388 0.000010
0.000010 0.000010 0.000010 0.999960 0.000010
0.000010 0.000010 0.000010 0.999960 0.000010
0.000010 0.000010 0.000010 0.999960 0.000010
0.003168 0.000010 0.047110 0.949702 0.000010
0.000010 0.000010 0.000010 0.999960 0.000010
0.000010 0.000010 0.000010 0.999960 0.000010
0.000010 0.000010 0.000010 0.999960 0.000010
0.016246 0.000010 0.014105 0.965076 0.004563
0.001533 0.000010 0.041819 0.955643 0.000995
0.001105 0.000010 0.000010 0.985901 0.012974
0.000010 0.000010 0.000010 0.999960 0.000010
0.000010 0.000010 0.000010 0.999960 0.000010
0.000010 0.000010 0.016915 0.983055 0.000010
0.000010 0.000010 0.000010 0.999960 0.000010
0.000010 0.000010 0.007317 0.992653 0.000010
0.000010 0.010000 0.000010 0.989970 0.000010
0.001860 0.000010 0.000010 0.980771 0.017348
0.009780 0.000010 0.004276 0.985924 0.000010
0.000010 0.000010 0.000010 0.999960 0.000010
0.022805 0.628178 0.092692 0.256315 0.000010
0.000625 0.630376 0.143606 0.215683 0.009711
0.005321 0.688508 0.056284 0.249877 0.000010
0.024005 0.784697 0.083667 0.057365 0.050267
0.000055 0.647646 0.131252 0.210979 0.010069
0.013172 0.603463 0.094920 0.207851 0.080594
0.005175 0.565831 0.150015 0.228784 0.050196
0.000010 0.607503 0.180815 0.211662 0.000010
0.011964 0.657817 0.108224 0.221985 0.000010
0.000010 0.599618 0.110252 0.219197 0.070923
0.012278 0.636070 0.130775 0.182800 0.038076
0.004794 0.630630 0.171224 0.177342 0.016009
0.000010 0.604865 0.136236 0.229562 0.029327
0.014097 0.572667 0.137720 0.226380 0.049136
0.021094 0.598764 0.158604 0.221528 0.000010
0.010126 0.692162 0.082874 0.210036 0.004801
0.021852 0.536165 0.145958 0.209525 0.086499
0.015312 0.655216 0.105739 0.190658 0.033076
0.000010 0.616103 0.142132 0.218768 0.022987
0.019889 0.476975 0.112446 0.000250 0.390441
0.000010 0.479954 0.029187 0.039414 0.451436
0.011809 0.523796 0.062058 0.000010 0.402327
0.004909 0.526284 0.060535 0.006809 0.401463
0.037627 0.478626 0.057083 0.000010 0.426655
0.000010 0.504618 0.096227 0.013071 0.386074
0.020311 0.481603 0.122921 0.000010 0.375154
0.002818 0.501133 0.098563 0.025929 0.371557
0.027126 0.457664 0.106797 0.017382 0.391031
0.000010 0.438707 0.130218 0.013181 0.417885
0.002557 0.454806 0.104286 0.008964 0.429387
0.008452 0.510313 0.096475 0.000010 0.384750
0.021031 0.527761 0.077680 0.022629 0.350899
0.000010 0.523721 0.046327 0.044109 0.385833
0.009921 0.502172 0.095994 0.021820 0.370093
0.014145 0.524429 0.031363 0.000010 0.430053
0.014097 0.721590 0.084228 0.021335 0.158750
0.017885 0.766988 0.013733 0.026903 0.174492
0.000010 0.698563 0.122372 0.017319 0.161736
0.002859 0.619178 0.064863 0.000010 0.313090
0.030599 0.685621 0.052141 0.025694 0.205945
0.013109 0.746386 0.056545 0.012036 0.171923
0.032889 0.724318 0.058432 0.000010 0.184351
0.000010 0.617944 0.117749 0.035073 0.229225
0.002646 0.764810 0.057059 0.011021 0.164463
0.006100 0.673453 0.080016 0.005570 0.234862
0.000010 0.712207 0.085142 0.016750 0.185891
0.000010 0.702461 0.116145 0.017143 0.164241
0.006532 0.737131 0.061964 0.000010 0.194364
0.000010 0.677363 0.054873 0.030873 0.236881
0.026240 0.678850 0.055194 0.027349 0.212367
0.011415 0.698254 0.021365 0.042195 0.226771
0.014778 0.735112 0.103087 0.000473 0.146551
0.022510 0.729329 0.035966 0.019969 0.192225
0.012727 0.736485 0.073413 0.030117 0.147258
0.000010 0.710669 0.079252 0.032404 0.177665
0.011692 0.695800 0.068189 0.032359 0.191960
0.053137 0.766644 0.044194 0.023807 0.112219
0.000010 0.553383 0.059286 0.020912 0.366409
0.025512 0.705719 0.033922 0.035890 0.198957
0.002275 0.619279 0.097876 0.000010 0.280559
0.013390 0.711588 0.126404 0.000010 0.148608
0.020057 0.753121 0.061914 0.031290 0.133618
0.008120 0.729130 0.040941 0.030361 0.191448
0.011002 0.710204 0.053270 0.010842 0.214682
0.022799 0.690821 0.102616 0.004422 0.179342
0.002036 0.649507 0.071829 0.037111 0.239518
0.009824 0.647456 0.085210 0.022545 0.234965
0.023971 0.675500 0.067443 0.020462 0.212625
0.001384 0.662877 0.083991 0.019606 0.232143
0.010343 0.727459 0.031189 0.020738 0.210271
0.009918 0.631573 0.125928 0.022178 0.210403
0.027150 0.652360 0.068035 0.000010 0.252445
0.002611 0.661833 0.120227 0.020816 0.194513
0.000010 0.739264 0.085990 0.000010 0.174726
0.000010 0.693334 0.070163 0.000010 0.236483
0.000010 0.704350 0.109246 0.023583 0.162812
0.001203 0.707632 0.058493 0.018339 0.214334
0.010894 0.738585 0.031946 0.021950 0.196625
0.018102 0.255897 0.118088 0.018085 0.589828
0.017100 0.292318 0.138852 0.026413 0.525319
0.026623 0.261774 0.170292 0.000010 0.541301
0.029401 0.348035 0.086316 0.016113 0.520135
0.000010 0.255753 0.154143 0.011378 0.578716
0.005159 0.211844 0.168858 0.034160 0.579978
0.009592 0.309663 0.131917 0.015782 0.533047
0.009666 0.222458 0.125877 0.018385 0.623614
0.002227 0.302090 0.153598 0.000010 0.542075
0.016732 0.307246 0.098414 0.027140 0.550468
0.024712 0.282515 0.116312 0.017929 0.558532
0.021828 0.273775 0.129530 0.000010 0.574856
0.013912 0.000010 0.022740 0.963328 0.000010
0.000010 0.000010 0.031792 0.968178 0.000010
0.014894 0.000010 0.000010 0.985076 0.000010
0.000010 0.000010 0.033776 0.966194 0.000010
0.000010 0.000010 0.020512 0.979458 0.000010
0.014628 0.000010 0.004086 0.973374 0.007903
0.000010 0.010173 0.030361 0.959447 0.000010
0.000010 0.000010 0.021570 0.978400 0.000010
0.000010 0.000010 0.032879 0.967091 0.000010
0.000010 0.000010 0.027883 0.972087 0.000010
0.005997 0.032782 0.049746 0.911465 0.000010
0.000671 0.036142 0.074331 0.887048 0.001809
0.000010 0.037576 0.087880 0.874525 0.000010
0.000529 0.054403 0.019046 0.926012 0.000010
0.001433 0.025773 0.049012 0.917984 0.005798
0.000010 0.009402 0.047431 0.918494 0.024663
0.000010 0.007675 0.036696 0.955609 0.000010
0.000010 0.015160 0.024873 0.947494 0.012463
0.003402 0.044037 0.000010 0.936609 0.015942
0.000010 0.343456 0.125382 0.016542 0.514611
0.003232 0.386911 0.129398 0.026861 0.453598
0.021240 0.419609 0.092372 0.009827 0.456952
0.025299 0.425680 0.071413 0.002205 0.475403
0.025411 0.388209 0.069236 0.000010 0.517134
0.000010 0.371895 0.124636 0.006917 0.496541
0.017048 0.366983 0.067325 0.007036 0.541607
0.010693 0.415856 0.108140 0.005425 0.459886
0.009756 0.397865 0.099286 0.000113 0.492979
0.007348 0.414659 0.126725 0.000010 0.451258
0.000010 0.374622 0.071549 0.000010 0.553809
0.000010 0.441851 0.052593 0.035903 0.469642
0.010629 0.421190 0.078665 0.030799 0.458717
0.023680 0.368233 0.117376 0.000010 0.490701
0.020947 0.381628 0.091414 0.010751 0.495260
0.018271 0.414715 0.103860 0.006249 0.456906
0.000010 0.426465 0.138818 0.014813 0.419894
0.016178 0.360403 0.120416 0.000634 0.502369
0.003684 0.447949 0.089874 0.002221 0.456272
0.035699 0.213681 0.176274 0.000010 0.574336
0.017849 0.041386 0.562540 0.110864 0.267361
0.023310 0.233458 0.103381 0.007474 0.632377
0.013235 0.034832 0.534729 0.152704 0.264500
0.013238 0.216276 0.198086 0.000010 0.572391
0.000010 0.120618 0.257473 0.010053 0.611846
0.017626 0.187994 0.162788 0.027868 0.603725
0.006015 0.183013 0.197691 0.002952 0.610330
0.045629 0.270134 0.157758 0.000010 0.526469
0.031600 0.149067 0.195657 0.027108 0.596568
0.020274 0.203565 0.174130 0.003348 0.598682
0.048269 0.177992 0.181683 0.000010 0.592046
0.044388 0.167473 0.162552 0.037732 0.587855
0.030485 0.162559 0.154020 0.019105 0.633831
0.013652 0.185755 0.214334 0.015534 0.570724
0.052448 0.210719 0.156856 0.006887 0.573090
0.024678 0.207471 0.177514 0.023524 0.566813
0.022648 0.110958 0.209193 0.008477 0.648724
0.014821 0.130810 0.217892 0.021963 0.614514
0.007444 0.127373 0.198310 0.000010 0.666862
0.023362 0.196411 0.160141 0.009790 0.610296
0.065680 0.164983 0.172401 0.000010 0.596926
0.028873 0.197962 0.168024 0.015205 0.589935
0.030070 0.229143 0.178037 0.014345 0.548405
0.030780 0.197799 0.132670 0.006770 0.631981
0.019595 0.225517 0.149201 0.036773 0.568914
0.000010 0.116810 0.260694 0.019959 0.602527
0.016057 0.183824 0.189463 0.017972 0.592684
0.018159 0.167434 0.183505 0.003065 0.627836
0.056850 0.210389 0.137918 0.009764 0.585079
0.015837 0.170767 0.194444 0.006156 0.612796
0.027821 0.217268 0.166449 0.021699 0.566763
0.040317 0.187911 0.210999 0.000010 0.560763
0.000028 0.164712 0.186207 0.015453 0.633601
0.000629 0.178516 0.186804 0.014279 0.619772
0.034972 0.214546 0.152294 0.014599 0.583589
0.028717 0.278806 0.156048 0.017652 0.518777
0.028956 0.231649 0.151738 0.020488 0.567169
0.033850 0.147523 0.185288 0.015144 0.618195
0.033650 0.208391 0.146392 0.028561 0.583006
0.027008 0.203626 0.197350 0.000010 0.572006
0.052709 0.142953 0.175464 0.000010 0.628864
0.027166 0.214847 0.157865 0.012437 0.587684
0.012522 0.165474 0.175043 0.026089 0.620872
0.036223 0.198494 0.184017 0.008218 0.573047
0.029310 0.401487 0.123090 0.002041 0.444072
0.012240 0.360520 0.120429 0.023777 0.483033
0.026553 0.370921 0.085352 0.019845 0.497329
0.014567 0.402557 0.062639 0.016201 0.504036
0.051386 0.393503 0.058924 0.000010 0.496177
0.016946 0.403138 0.116987 0.000010 0.462920
0.017375 0.358470 0.125330 0.000010 0.498815
0.027522 0.411628 0.114707 0.001234 0.444909
0.032854 0.424820 0.087542 0.037038 0.417745
0.022204 0.380984 0.107893 0.000010 0.488910
0.022848 0.427119 0.120779 0.009380 0.419874
0.030700 0.440349 0.167420 0.003286 0.358245
0.025731 0.375946 0.096041 0.021545 0.480737
0.014818 0.402593 0.100817 0.000010 0.481762
0.026691 0.405569 0.070191 0.000010 0.497539
0.000010 0.487239 0.081538 0.005821 0.425393
0.006073 0.506783 0.083799 0.014279 0.389066
0.000010 0.468026 0.099548 0.033662 0.398754
0.003590 0.470747 0.091074 0.000010 0.434579
0.015007 0.475953 0.115145 0.011110 0.382785
0.000010 0.527254 0.053655 0.034168 0.384913
0.000010 0.512367 0.119798 0.010312 0.357513
0.001901 0.506667 0.082327 0.009908 0.399198
0.003937 0.489505 0.110473 0.000010 0.396075
0.023447 0.487985 0.087989 0.007536 0.393041
0.013462 0.513901 0.085650 0.000010 0.386977
0.020119 0.486489 0.060642 0.026514 0.406236
0.002983 0.431567 0.108184 0.032546 0.424720
0.004274 0.436237 0.095457 0.005558 0.458474
0.000393 0.485754 0.091831 0.028103 0.393919
0.000010 0.440810 0.141097 0.000010 0.418073
0.000010 0.453527 0.083858 0.025093 0.437513
0.018135 0.492298 0.070673 0.007424 0.411470
0.013773 0.471292 0.107038 0.019299 0.388598
0.008275 0.523640 0.031327 0.015963 0.420795
0.000016 0.504690 0.074553 0.000010 0.420730
0.183431 0.063144 0.114405 0.028648 0.610372
0.137973 0.091865 0.123932 0.024486 0.621744
0.187560 0.110962 0.133428 0.008100 0.559950
0.178095 0.096612 0.090480 0.002570 0.632243
0.184326 0.092992 0.112562 0.016173 0.593947
0.204175 0.172369 0.095905 0.000010 0.527541
0.153863 0.071875 0.153786 0.010931 0.609545
0.352604 0.053124 0.085796 0.012173 0.496303
0.153987 0.145106 0.097509 0.000010 0.603387
0.164177 0.115864 0.106876 0.023893 0.589190
0.195237 0.155734 0.091357 0.000010 0.557662
0.168223 0.168555 0.083276 0.006700 0.573245
0.001525 0.479588 0.086559 0.004164 0.428163
0.024345 0.514893 0.136896 0.000010 0.323857
0.000010 0.487179 0.118784 0.019905 0.374122
0.013683 0.442483 0.109633 0.016218 0.417982
0.058363 0.452744 0.058051 0.027070 0.403772
0.003223 0.496353 0.126612 0.000010 0.373802
0.036814 0.472739 0.072947 0.008536 0.408965
0.013338 0.551337 0.077006 0.008782 0.349537
0.007797 0.528380 0.035788 0.000010 0.428025
0.021994 0.473073 0.130270 0.010027 0.364636
0.000010 0.461839 0.088670 0.035814 0.413667
0.018376 0.476388 0.110350 0.002628 0.392258
0.015434 0.527455 0.115191 0.000010 0.341910
0.027734 0.484263 0.044500 0.028545 0.414958
0.006986 0.482603 0.125013 0.022273 0.363125
0.020305 0.477889 0.082833 0.000010 0.418963
0.000010 0.519563 0.080575 0.000010 0.399843
0.014393 0.489243 0.139540 0.010579 0.346246
0.000010 0.501120 0.087076 0.004841 0.406953
0.024245 0.496759 0.106273 0.005754 0.366968
0.023382 0.476674 0.118525 0.000010 0.381409
0.000010 0.564956 0.056368 0.039769 0.338897
0.025528 0.728689 0.069657 0.036660 0.139466
0.025025 0.778387 0.052581 0.001356 0.142651
0.003930 0.752414 0.089043 0.000010 0.154603
0.003260 0.786091 0.127799 0.000010 0.082840
0.024748 0.744502 0.112393 0.003900 0.114457
0.000533 0.705256 0.054766 0.041870 0.197576
0.004731 0.760124 0.066018 0.024013 0.145114
0.033805 0.803599 0.055139 0.018404 0.089053
0.000010 0.865478 0.046630 0.054257 0.033625
0.004027 0.869065 0.078770 0.048127 0.000010
0.006776 0.848707 0.077900 0.050376 0.016241
0.030209 0.863461 0.106311 0.000010 0.000010
0.000010 0.804749 0.143169 0.050422 0.001650
0.462357 0.000010 0.000010 0.021304 0.516319
0.429145 0.022892 0.029721 0.035012 0.483230
0.426032 0.000616 0.000010 0.077526 0.495816
0.448790 0.000010 0.016452 0.049995 0.484752
0.450161 0.005716 0.000010 0.031508 0.512605
0.535862 0.000010 0.010607 0.019225 0.434297
0.359898 0.000010 0.033732 0.046002 0.560358
0.622792 0.000010 0.000010 0.028766 0.348421
0.559258 0.000010 0.000010 0.027581 0.413141
0.615574 0.000010 0.000010 0.025500 0.358906
0.593875 0.000010 0.040512 0.013467 0.352135
0.505941 0.061289 0.000010 0.003156 0.429604
0.635167 0.000010 0.000010 0.025722 0.339091
0.642810 0.040047 0.000010 0.000010 0.317123
0.447639 0.000010 0.008538 0.033283 0.510530
0.438576 0.000010 0.081223 0.000010 0.480181
0.452887 0.000010 0.031060 0.025034 0.491009
0.429326 0.000010 0.057068 0.004828 0.508768
0.447827 0.000010 0.030678 0.038835 0.482650
0.000010 0.821533 0.083141 0.033536 0.061780
0.041416 0.811420 0.097142 0.039156 0.010865
0.019771 0.770653 0.064003 0.002865 0.142708
0.029894 0.665965 0.034508 0.044019 0.225615
0.012188 0.705013 0.064368 0.017809 0.200623
0.001318 0.697206 0.068629 0.036554 0.196292
0.008501 0.758170 0.070615 0.002723 0.159990
0.003441 0.702258 0.052029 0.016101 0.226172
0.000010 0.733464 0.026889 0.023954 0.215683
0.003910 0.765703 0.022515 0.017034 0.190838
0.034016 0.743478 0.066994 0.001103 0.154409
0.024683 0.619180 0.040647 0.019787 0.295703
0.000010 0.677873 0.021698 0.060377 0.240042
0.000010 0.658735 0.069884 0.024869 0.246502
0.012986 0.735694 0.043232 0.000010 0.208078
0.000010 0.709209 0.044728 0.052993 0.193060
0.018238 0.660976 0.037720 0.025154 0.257912
0.012593 0.703704 0.065183 0.023326 0.195193
0.000010 0.742822 0.064167 0.027744 0.165257
0.013407 0.711461 0.104586 0.000010 0.170536
0.007986 0.678129 0.037626 0.007531 0.268729
0.016149 0.690475 0.090298 0.000010 0.203069
0.000010 0.777128 0.099962 0.014838 0.108062
0.007086 0.733760 0.069831 0.000010 0.189313
0.001999 0.720018 0.111688 0.024507 0.141788
0.000010 0.714783 0.006473 0.020384 0.258349
0.008168 0.650588 0.044329 0.000010 0.296906
0.028262 0.696728 0.040629 0.006144 0.228238
0.031806 0.661727 0.025079 0.017696 0.263691
0.029282 0.801079 0.065676 0.021979 0.081985
0.000494 0.780375 0.063480 0.026459 0.129192
0.020195 0.830665 0.019155 0.040907 0.089077
0.017519 0.722533 0.063463 0.025381 0.171104
0.016994 0.777805 0.078040 0.008516 0.118644
0.029505 0.810376 0.080401 0.000010 0.079708
0.006260 0.784752 0.104126 0.017823 0.087039
0.007153 0.738348 0.112495 0.007278 0.134726
0.017247 0.810391 0.065615 0.005304 0.101443
0.007396 0.760392 0.059366 0.023244 0.149603
0.015094 0.778986 0.048150 0.013874 0.143896
0.017837 0.750135 0.054785 0.014249 0.162993
0.000010 0.756079 0.071990 0.066974 0.104947
0.009313 0.771709 0.072080 0.015597 0.131301
0.000010 0.802299 0.084580 0.014399 0.098712
0.019353 0.770064 0.029991 0.029984 0.150609
0.013984 0.819919 0.070878 0.021844 0.073375
0.026152 0.706962 0.065625 0.017368 0.183894
0.009086 0.782197 0.053365 0.004541 0.150811
0.006377 0.750040 0.060343 0.014713 0.168527
0.021264 0.837895 0.036900 0.028533 0.075408
0.014003 0.808892 0.090052 0.000010 0.087042
0.004262 0.805101 0.062799 0.021434 0.106404
0.033291 0.785884 0.067041 0.008891 0.104893
0.020369 0.764600 0.044032 0.015938 0.155061
0.014853 0.797931 0.071810 0.038800 0.076606
0.012836 0.788303 0.080065 0.000010 0.118786
0.014101 0.751200 0.034839 0.015819 0.184040
0.016501 0.772909 0.112286 0.000010 0.098294
0.028182 0.790705 0.064440 0.000795 0.115878
0.000010 0.743858 0.054877 0.000066 0.201189
0.001845 0.733918 0.114243 0.000010 0.149985
0.006746 0.763817 0.115629 0.005010 0.108799
0.000010 0.786139 0.055185 0.000010 0.158655
0.014821 0.746435 0.092126 0.000010 0.146607
0.000010 0.757731 0.049453 0.035045 0.157761
0.016667 0.792760 0.057347 0.000010 0.133216
0.015032 0.785329 0.077927 0.008404 0.113308
0.019812 0.708494 0.076398 0.004853 0.190444
0.000010 0.804431 0.109425 0.000010 0.086123
0.000847 0.736401 0.078974 0.031525 0.152254
0.000010 0.772072 0.100711 0.007978 0.119229
0.010086 0.757825 0.075260 0.000010 0.156818
0.010900 0.735386 0.072664 0.000010 0.181040
0.000010 0.702278 0.071834 0.023812 0.202066
0.007599 0.776230 0.079727 0.013228 0.123216
0.009425 0.764292 0.075534 0.013232 0.137516
0.000010 0.778138 0.077502 0.000010 0.144340
0.009109 0.841457 0.001910 0.000010 0.147514
0.011839 0.748134 0.077836 0.029482 0.132709
0.000010 0.760228 0.090816 0.012940 0.136006
0.000010 0.814408 0.031598 0.000010 0.153974
0.015073 0.683617 0.088088 0.027307 0.185916
0.010670 0.745232 0.037735 0.037441 0.168922
0.018328 0.775894 0.050814 0.019891 0.135073
0.023244 0.802623 0.079651 0.012381 0.082100
0.020318 0.774284 0.068361 0.005199 0.131839
0.009025 0.805492 0.052407 0.000010 0.133066
0.030449 0.720987 0.087545 0.000010 0.161009
0.017344 0.741120 0.087993 0.000010 0.153533
0.040682 0.771800 0.029841 0.015511 0.142165
0.009629 0.766661 0.078415 0.000010 0.145285
0.015351 0.765870 0.061741 0.006065 0.150973
0.010074 0.755923 0.053877 0.000010 0.180115
0.018491 0.802544 0.042818 0.019980 0.116167
0.029250 0.702254 0.088129 0.000010 0.180358
0.026580 0.723985 0.100506 0.000010 0.148919
0.015139 0.800704 0.104901 0.010817 0.068439
0.018596 0.778671 0.037752 0.016191 0.148790
