0.076476 0.026389 0.897135
0.073140 0.017600 0.909260
0.084871 0.025048 0.890081
0.017782 0.031320 0.950898
0.009766 0.021648 0.968587
0.016223 0.024499 0.959278
0.013697 0.022610 0.963693
0.012827 0.020097 0.967075
0.018522 0.025922 0.955557
0.022151 0.017891 0.959958
0.020879 0.022333 0.956788
0.011102 0.030092 0.958806
0.016021 0.026208 0.957771
0.009267 0.026038 0.964695
0.005377 0.034761 0.959862
0.012091 0.018592 0.969316
0.016494 0.023356 0.960149
0.008317 0.020699 0.970984
0.012238 0.034997 0.952764
0.013706 0.022414 0.963880
0.012381 0.024619 0.963000
0.009508 0.024338 0.966155
0.024306 0.021901 0.953794
0.018599 0.024729 0.956672
0.013122 0.014819 0.972059
0.019627 0.018606 0.961766
0.023346 0.021764 0.954890
0.036595 0.005728 0.957677
0.022369 0.014132 0.963499
0.020301 0.020581 0.959117
0.014014 0.022952 0.963034
0.016616 0.023014 0.960369
0.015464 0.023607 0.960929
0.014143 0.019760 0.966097
0.010395 0.022022 0.967583
0.019511 0.026108 0.954381
0.016297 0.022270 0.961433
0.013031 0.026830 0.960138
0.121273 0.013306 0.865420
0.066430 0.025436 0.908133
0.078106 0.022103 0.899792
0.157602 0.013071 0.829327
0.112039 0.019695 0.868265
0.098610 0.019647 0.881743
0.085021 0.017098 0.897882
0.114937 0.013348 0.871715
0.128334 0.015573 0.856092
0.087000 0.018907 0.894093
0.069397 0.033244 0.897359
0.081898 0.020015 0.898087
0.089017 0.025983 0.885000
0.095297 0.004766 0.899937
0.072207 0.023963 0.903830
0.125740 0.024738 0.849521
0.013416 0.501353 0.485231
0.001631 0.491549 0.506820
0.009897 0.513927 0.476176
0.007665 0.520405 0.471930
0.000010 0.475937 0.524053
0.000010 0.496127 0.503863
0.014510 0.495753 0.489737
0.011810 0.489596 0.498594
0.000010 0.485866 0.514124
0.005628 0.509350 0.485022
0.018512 0.973742 0.007746
0.032849 0.966751 0.000400
0.012471 0.971837 0.015692
0.015878 0.954945 0.029177
0.011190 0.975980 0.012830
0.011588 0.971703 0.016709
0.009596 0.968965 0.021439
0.019853 0.965963 0.014184
0.012054 0.974448 0.013498
0.012175 0.978297 0.009528
0.015846 0.960399 0.023755
0.028873 0.958991 0.012136
0.020851 0.976985 0.002164
0.008352 0.016494 0.975153
0.029452 0.019806 0.950742
0.023175 0.021028 0.955797
0.016720 0.026283 0.956998
0.017205 0.024185 0.958610
0.008177 0.030723 0.961100
0.020759 0.011590 0.967651
0.024060 0.016551 0.959389
0.027446 0.017377 0.955177
0.028852 0.027596 0.943552
0.022328 0.020094 0.957578
0.014917 0.020666 0.964418
0.014308 0.022039 0.963653
0.022094 0.026126 0.951779
0.011819 0.021670 0.966511
0.011977 0.022667 0.965355
0.016120 0.022317 0.961563
0.014185 0.013829 0.971986
0.025275 0.029261 0.945464
0.017548 0.028657 0.953795
0.026489 0.013793 0.959717
0.021424 0.016118 0.962458
0.010239 0.026238 0.963523
0.020305 0.019020 0.960675
0.029378 0.011292 0.959330
0.009587 0.012082 0.978331
0.022819 0.019788 0.957393
0.015961 0.005613 0.978426
0.015282 0.018351 0.966367
0.014317 0.015735 0.969948
0.034425 0.770307 0.195268
0.027116 0.779022 0.193862
0.033197 0.742911 0.223893
0.030435 0.771884 0.197681
0.028497 0.772830 0.198673
0.024154 0.755500 0.220347
0.033748 0.764548 0.201704
0.034302 0.737466 0.228233
0.030573 0.743893 0.225534
0.026275 0.754932 0.218792
0.024290 0.751871 0.223840
0.020623 0.746001 0.233375
0.025972 0.761678 0.212350
0.023630 0.753634 0.222736
0.030223 0.750961 0.218817
0.042892 0.031689 0.925419
0.048125 0.036934 0.914940
0.025188 0.042015 0.932797
0.034473 0.028490 0.937037
0.031421 0.036858 0.931722
0.041626 0.029140 0.929234
0.053384 0.033876 0.912741
0.024431 0.039854 0.935715
0.039038 0.035842 0.925120
0.045522 0.022558 0.931920
0.044931 0.036163 0.918906
0.027127 0.030761 0.942112
0.032336 0.049969 0.917695
0.050104 0.026629 0.923267
0.029978 0.039888 0.930134
0.032348 0.037636 0.930016
0.125432 0.029351 0.845217
0.105175 0.048567 0.846257
0.142126 0.038583 0.819290
0.102987 0.046773 0.850240
0.132993 0.037029 0.829978
0.129130 0.048098 0.822772
0.104058 0.038846 0.857097
0.104986 0.041542 0.853471
0.122705 0.031204 0.846091
0.112114 0.044608 0.843279
0.117739 0.050130 0.832131
0.125592 0.035994 0.838414
0.113666 0.040837 0.845498
0.109660 0.043259 0.847082
0.127926 0.042285 0.829789
0.137087 0.030320 0.832593
0.116491 0.021186 0.862323
0.112499 0.025618 0.861883
0.158930 0.043170 0.797900
0.249043 0.047640 0.703317
0.143007 0.209026 0.647967
0.213614 0.048084 0.738303
0.153525 0.172912 0.673563
0.163368 0.070142 0.766490
0.163712 0.060154 0.776134
0.175751 0.050856 0.773393
0.228143 0.046329 0.725528
0.340361 0.056279 0.603360
0.173530 0.064910 0.761560
0.180511 0.052985 0.766505
0.157877 0.146100 0.696023
0.160523 0.091021 0.748456
0.169183 0.063023 0.767795
0.187298 0.048377 0.764326
0.183166 0.049665 0.767169
0.176282 0.056891 0.766828
0.218375 0.068320 0.713305
0.228146 0.056179 0.715676
0.201102 0.060732 0.738166
0.209605 0.065817 0.724578
0.181759 0.085493 0.732747
0.000010 0.989807 0.010183
0.000191 0.981746 0.018063
0.006402 0.978495 0.015104
0.013524 0.934725 0.051751
0.010824 0.978650 0.010526
0.008774 0.909518 0.081708
0.000010 0.903400 0.096590
0.003357 0.980508 0.016134
0.004120 0.984423 0.011458
0.001342 0.998648 0.000010
0.000010 0.998666 0.001324
0.014948 0.985042 0.000010
0.006355 0.993635 0.000010
0.000010 0.999980 0.000010
0.009981 0.989404 0.000614
0.000556 0.993333 0.006110
0.005130 0.994860 0.000010
0.000010 0.016119 0.983871
0.000010 0.014720 0.985270
0.001611 0.012602 0.985786
0.009736 0.005579 0.984685
0.006668 0.009195 0.984137
0.000010 0.011779 0.988211
0.000010 0.015922 0.984068
0.008038 0.006735 0.985228
0.000010 0.006843 0.993147
0.008118 0.000928 0.990954
0.000010 0.015846 0.984144
0.008403 0.003261 0.988336
0.005896 0.000010 0.994094
0.018417 0.000887 0.980696
0.014082 0.001769 0.984148
0.010030 0.000010 0.989960
0.014565 0.001518 0.983917
0.006015 0.011786 0.982200
0.000010 0.000319 0.999671
0.000010 0.000010 0.999980
0.000857 0.002842 0.996300
0.005316 0.005371 0.989313
0.000747 0.009124 0.990129
0.009509 0.145682 0.844810
0.004013 0.143514 0.852473
0.009613 0.158462 0.831925
0.006165 0.125358 0.868477
0.011967 0.216785 0.771248
0.000010 0.122083 0.877907
0.032715 0.128094 0.839190
0.019552 0.144210 0.836238
0.032385 0.126520 0.841095
0.010100 0.112795 0.877105
0.000208 0.118348 0.881444
0.006275 0.140503 0.853223
0.027124 0.180601 0.792275
0.014136 0.853292 0.132572
0.013087 0.145395 0.841518
0.000010 0.138765 0.861225
0.000010 0.143088 0.856902
0.027996 0.129550 0.842455
0.028282 0.130504 0.841214
0.016763 0.199278 0.783958
0.032058 0.136654 0.831288
0.027205 0.146392 0.826402
0.000010 0.123010 0.876980
0.012213 0.201638 0.786150
0.010400 0.191162 0.798438
0.027025 0.165729 0.807246
0.000315 0.130503 0.869182
0.024636 0.150082 0.825282
0.000010 0.197030 0.802960
0.009879 0.137538 0.852583
0.015181 0.205010 0.779808
0.004491 0.130952 0.864556
0.013430 0.132791 0.853779
0.003720 0.116516 0.879764
0.019563 0.127845 0.852591
0.010393 0.167683 0.821924
0.000010 0.237898 0.762092
0.036712 0.137416 0.825872
0.015316 0.128921 0.855763
0.004281 0.111609 0.884110
0.015913 0.116391 0.867696
0.004433 0.135665 0.859903
0.013143 0.127732 0.859125
0.027380 0.111326 0.861295
0.008163 0.119833 0.872005
0.059048 0.003757 0.937194
0.028411 0.010612 0.960977
0.034152 0.000010 0.965838
0.051861 0.002824 0.945316
0.048171 0.000010 0.951819
0.036456 0.000010 0.963534
0.045481 0.000010 0.954509
0.052396 0.000010 0.947594
0.047262 0.000867 0.951871
0.039074 0.000010 0.960916
0.051223 0.000010 0.948767
0.042340 0.000010 0.957650
0.046710 0.000010 0.953280
0.055340 0.000010 0.944650
0.049955 0.000010 0.950035
0.044993 0.000010 0.954997
0.000010 0.999980 0.000010
0.000010 0.999980 0.000010
0.000010 0.999980 0.000010
0.000010 0.999980 0.000010
0.000010 0.999980 0.000010
0.000010 0.999980 0.000010
0.000010 0.999980 0.000010
0.000010 0.999980 0.000010
0.000010 0.999980 0.000010
0.000010 0.999980 0.000010
0.000010 0.999980 0.000010
0.000010 0.999980 0.000010
0.000010 0.999980 0.000010
0.000010 0.999980 0.000010
0.000010 0.999980 0.000010
0.000011 0.999979 0.000010
0.000010 0.999980 0.000010
0.000010 0.999980 0.000010
0.000010 0.999980 0.000010
0.028614 0.000362 0.971024
0.033371 0.008872 0.957757
0.030038 0.006825 0.963137
0.033941 0.003359 0.962700
0.059585 0.002265 0.938150
0.032022 0.000010 0.967968
0.042479 0.000891 0.956630
0.024168 0.003631 0.972202
0.022801 0.002677 0.974523
0.027505 0.009908 0.962587
0.027734 0.005140 0.967126
0.037250 0.000010 0.962740
0.029628 0.003376 0.966996
0.014956 0.001959 0.983085
0.187681 0.069164 0.743155
0.189658 0.059237 0.751104
0.194049 0.068762 0.737188
0.175425 0.062791 0.761784
0.178865 0.055441 0.765695
0.193028 0.051604 0.755368
0.181261 0.056207 0.762532
0.191218 0.049657 0.759124
0.206678 0.056954 0.736369
0.166452 0.083212 0.750336
0.185616 0.054245 0.760139
0.187621 0.051596 0.760783
0.197802 0.076187 0.726012
0.167874 0.181430 0.650696
0.202558 0.057674 0.739768
0.192332 0.050158 0.757510
0.211512 0.071279 0.717209
0.223740 0.090362 0.685898
0.183539 0.044807 0.771654
0.181479 0.081606 0.736915
0.185349 0.059754 0.754897
0.162094 0.105454 0.732452
0.175396 0.066113 0.758491
0.029940 0.019647 0.950412
0.026251 0.009339 0.964410
0.020252 0.011572 0.968176
0.028831 0.007677 0.963492
0.025435 0.007522 0.967043
0.034365 0.016049 0.949586
0.018618 0.012956 0.968427
0.050602 0.009919 0.939478
0.034445 0.008558 0.956996
0.032645 0.011451 0.955904
0.038461 0.009469 0.952070
0.027477 0.017064 0.955459
0.036905 0.008434 0.954660
0.030111 0.013434 0.956455
0.036433 0.011646 0.951921
0.043368 0.001365 0.955268
0.020689 0.011796 0.967515
0.040670 0.007053 0.952277
0.033254 0.009052 0.957694
0.028499 0.005209 0.966292
0.028276 0.013797 0.957928
0.044527 0.019249 0.936224
0.035493 0.004747 0.959760
0.072404 0.013457 0.914139
0.079830 0.007283 0.912887
0.021267 0.018776 0.959957
0.014142 0.009215 0.976643
0.021674 0.010176 0.968150
0.043182 0.016271 0.940546
0.043984 0.010765 0.945251
0.338835 0.041000 0.620166
0.325637 0.032561 0.641803
0.336505 0.034807 0.628689
0.342209 0.030877 0.626914
0.333296 0.035650 0.631054
0.328521 0.037086 0.634393
0.331153 0.039782 0.629065
0.307966 0.043716 0.648318
0.349208 0.032602 0.618190
0.347637 0.030296 0.622067
0.361446 0.045569 0.592985
0.337325 0.032856 0.629819
0.335105 0.038570 0.626325
0.331122 0.027025 0.641853
0.338685 0.038277 0.623038
0.327178 0.029469 0.643353
0.357513 0.035866 0.606622
0.333215 0.028920 0.637865
0.333089 0.035140 0.631771
0.324625 0.038949 0.636426
0.316067 0.034363 0.649570
0.300671 0.042031 0.657298
0.322030 0.031318 0.646652
0.331211 0.038118 0.630672
0.335847 0.031243 0.632910
0.013737 0.042308 0.943956
0.006000 0.036085 0.957914
0.000010 0.035360 0.964630
0.007658 0.046336 0.946006
0.023145 0.038299 0.938556
0.004799 0.035057 0.960144
0.021884 0.035117 0.942999
0.011346 0.036871 0.951784
0.005560 0.038378 0.956062
0.015606 0.027029 0.957365
0.023740 0.037590 0.938670
0.002610 0.047193 0.950197
0.003799 0.031432 0.964769
0.007493 0.045024 0.947483
0.020760 0.028031 0.951209
0.016759 0.040649 0.942591
0.010344 0.045903 0.943753
0.999980 0.000010 0.000010
0.999980 0.000010 0.000010
0.997427 0.000010 0.002563
0.999724 0.000010 0.000266
0.999980 0.000010 0.000010
0.999980 0.000010 0.000010
0.999980 0.000010 0.000010
0.999980 0.000010 0.000010
0.991471 0.000010 0.008519
0.999980 0.000010 0.000010
0.995600 0.000010 0.004390
0.991546 0.000010 0.008444
0.999980 0.000010 0.000010
0.997719 0.000010 0.002271
0.999980 0.000010 0.000010
0.999980 0.000010 0.000010
0.997042 0.000010 0.002948
0.999980 0.000010 0.000010
0.999980 0.000010 0.000010
0.999980 0.000010 0.000010
0.999980 0.000010 0.000010
0.999980 0.000010 0.000010
0.999980 0.000010 0.000010
0.999980 0.000010 0.000010
0.994810 0.000010 0.005180
0.999972 0.000018 0.000010
0.999980 0.000010 0.000010
0.999980 0.000010 0.000010
0.999980 0.000010 0.000010
0.999980 0.000010 0.000010
0.990283 0.000010 0.009707
0.995789 0.000010 0.004201
0.999980 0.000010 0.000010
0.994736 0.000010 0.005254
0.999980 0.000010 0.000010
0.999980 0.000010 0.000010
0.999980 0.000010 0.000010
0.999980 0.000010 0.000010
0.999980 0.000010 0.000010
0.999976 0.000014 0.000010
0.997100 0.002890 0.000010
0.999980 0.000010 0.000010
0.988337 0.000010 0.011653
0.999980 0.000010 0.000010
0.999980 0.000010 0.000010
0.999980 0.000010 0.000010
0.999980 0.000010 0.000010
0.999980 0.000010 0.000010
0.999980 0.000010 0.000010
0.999980 0.000010 0.000010
0.999980 0.000010 0.000010
0.997116 0.000010 0.002874
0.999980 0.000010 0.000010
0.999980 0.000010 0.000010
0.999980 0.000010 0.000010
0.999980 0.000010 0.000010
0.999980 0.000010 0.000010
0.990076 0.000010 0.009914
0.999980 0.000010 0.000010
0.999980 0.000010 0.000010
0.999980 0.000010 0.000010
0.999980 0.000010 0.000010
0.997201 0.000010 0.002789
0.999980 0.000010 0.000010
0.999980 0.000010 0.000010
0.999980 0.000010 0.000010
0.999980 0.000010 0.000010
0.996470 0.000010 0.003520
0.999980 0.000010 0.000010
0.997590 0.000010 0.002400
0.999980 0.000010 0.000010
0.999980 0.000010 0.000010
0.996897 0.000010 0.003093
0.999980 0.000010 0.000010
0.999980 0.000010 0.000010
0.978720 0.004326 0.016953
0.999980 0.000010 0.000010
0.999980 0.000010 0.000010
0.999980 0.000010 0.000010
0.999980 0.000010 0.000010
0.999980 0.000010 0.000010
0.999980 0.000010 0.000010
0.999975 0.000015 0.000010
0.999980 0.000010 0.000010
0.999980 0.000010 0.000010
0.999980 0.000010 0.000010
0.999980 0.000010 0.000010
0.999980 0.000010 0.000010
0.999980 0.000010 0.000010
0.999980 0.000010 0.000010
0.999980 0.000010 0.000010
0.968936 0.001217 0.029847
0.999980 0.000010 0.000010
0.999980 0.000010 0.000010
0.999980 0.000010 0.000010
0.999980 0.000010 0.000010
0.980466 0.000010 0.019524
0.978540 0.003135 0.018325
0.999980 0.000010 0.000010
0.999980 0.000010 0.000010
0.999973 0.000017 0.000010
0.999980 0.000010 0.000010
0.999980 0.000010 0.000010
0.999980 0.000010 0.000010
0.999980 0.000010 0.000010
0.999980 0.000010 0.000010
0.999980 0.000010 0.000010
0.272136 0.000010 0.727854
0.262234 0.000010 0.737756
0.260529 0.000010 0.739461
0.072754 0.005352 0.921894
0.266442 0.000010 0.733548
0.251927 0.002535 0.745537
0.284358 0.005224 0.710417
0.258354 0.000010 0.741636
0.274726 0.000010 0.725264
0.262292 0.000010 0.737698
0.227293 0.000010 0.772697
0.236770 0.005161 0.758069
0.247834 0.000010 0.752156
0.268050 0.002055 0.729895
0.253574 0.005697 0.740728
0.252068 0.000010 0.747922
0.277450 0.007148 0.715401
0.231042 0.003945 0.765013
0.267192 0.000010 0.732798
0.007791 0.027373 0.964837
0.024308 0.007489 0.968203
0.020306 0.016605 0.963089
0.002384 0.018150 0.979465
0.015297 0.025281 0.959423
0.024423 0.007477 0.968100
0.002660 0.022893 0.974447
0.013099 0.018867 0.968035
0.026662 0.020446 0.952891
0.031486 0.023614 0.944900
0.019041 0.017601 0.963358
0.007751 0.019275 0.972973
0.006498 0.018470 0.975032
0.011926 0.022867 0.965207
0.020956 0.024632 0.954412
0.008497 0.017407 0.974097
0.026717 0.006647 0.966636
0.022963 0.006535 0.970502
0.046530 0.000010 0.953460
0.024149 0.007588 0.968263
0.024464 0.009120 0.966417
0.020050 0.000010 0.979940
0.031581 0.005987 0.962432
0.035831 0.000010 0.964159
0.032090 0.000010 0.967900
0.028502 0.000010 0.971488
0.037652 0.000010 0.962338
0.037177 0.000010 0.962813
0.031225 0.001054 0.967721
0.029635 0.006541 0.963824
0.029769 0.014657 0.955574
0.023764 0.010784 0.965452
0.031197 0.002977 0.965827
0.026635 0.008503 0.964862
0.037549 0.006814 0.955637
0.029722 0.006430 0.963848
0.031775 0.001425 0.966800
0.030545 0.007078 0.962377
0.015457 0.008436 0.976108
0.029677 0.003357 0.966966
0.023736 0.012456 0.963807
0.026454 0.008213 0.965333
0.032237 0.000010 0.967753
0.028472 0.000721 0.970808
0.019271 0.006772 0.973958
0.024355 0.003687 0.971958
0.027916 0.002118 0.969965
0.045375 0.001037 0.953587
0.037857 0.000768 0.961375
0.022539 0.008614 0.968847
0.024698 0.003523 0.971779
0.046011 0.002587 0.951402
0.024951 0.006046 0.969004
0.039876 0.000025 0.960099
0.018353 0.005664 0.975983
0.010027 0.006540 0.983433
0.037656 0.000548 0.961796
0.015865 0.005689 0.978447
0.026275 0.005186 0.968538
0.009894 0.046226 0.943881
0.013018 0.052858 0.934124
0.011184 0.044753 0.944064
0.008739 0.046543 0.944719
0.016978 0.039311 0.943711
0.012494 0.036539 0.950966
0.013753 0.041460 0.944786
0.012290 0.042255 0.945454
0.003354 0.040333 0.956313
0.002671 0.051799 0.945530
0.019542 0.051881 0.928577
0.000010 0.061706 0.938284
0.988904 0.008910 0.002185
0.999980 0.000010 0.000010
0.995656 0.004334 0.000010
0.987355 0.002126 0.010519
0.996946 0.003044 0.000010
0.988180 0.011810 0.000010
0.986592 0.006216 0.007192
0.998402 0.001588 0.000010
0.989674 0.000010 0.010316
0.995318 0.000010 0.004672
0.955856 0.000010 0.044134
0.925610 0.000490 0.073901
0.937895 0.001204 0.060901
0.946241 0.000010 0.053749
0.943380 0.000010 0.056610
0.943697 0.004506 0.051797
0.954500 0.002561 0.042938
0.958926 0.000010 0.041064
0.948796 0.000614 0.050590
0.020691 0.029464 0.949845
0.025311 0.029002 0.945687
0.011250 0.032958 0.955792
0.002034 0.041302 0.956664
0.005913 0.033213 0.960874
0.019952 0.027998 0.952051
0.014357 0.029413 0.956230
0.014708 0.029491 0.955801
0.013329 0.017543 0.969128
0.001897 0.032909 0.965194
0.000076 0.026206 0.973718
0.011659 0.027195 0.961146
0.020016 0.028934 0.951050
0.000797 0.034761 0.964442
0.008629 0.037053 0.954318
0.009886 0.033534 0.956580
0.030003 0.023380 0.946616
0.019202 0.030734 0.950064
0.005711 0.027482 0.966806
0.024432 0.076322 0.899246
0.248262 0.055068 0.696670
0.019380 0.064318 0.916302
0.284747 0.050956 0.664297
0.017088 0.056449 0.926463
0.031277 0.059530 0.909192
0.024186 0.065159 0.910655
0.018883 0.057124 0.923994
0.018208 0.072507 0.909285
0.027075 0.075411 0.897514
0.012365 0.066635 0.920999
0.020324 0.079443 0.900233
0.021169 0.075019 0.903813
0.022234 0.070856 0.906910
0.038515 0.051875 0.909610
0.021078 0.077970 0.900951
0.014032 0.055151 0.930817
0.020086 0.078233 0.901681
0.026545 0.071015 0.902440
0.003431 0.064407 0.932162
0.009949 0.064848 0.925203
0.019855 0.114235 0.865910
0.026282 0.070080 0.903638
0.031727 0.077264 0.891009
0.024244 0.063770 0.911986
0.031559 0.065342 0.903099
0.039144 0.052793 0.908062
0.028216 0.073100 0.898684
0.021145 0.061903 0.916952
0.019735 0.070978 0.909287
0.022824 0.075545 0.901631
0.020803 0.066491 0.912706
0.013194 0.073176 0.913630
0.018544 0.046140 0.935316
0.017285 0.060777 0.921938
0.025621 0.064997 0.909382
0.016634 0.059169 0.924197
0.022763 0.065511 0.911726
0.018556 0.075836 0.905608
0.023586 0.052813 0.923601
0.021744 0.056673 0.921583
0.006168 0.077939 0.915892
0.018782 0.053637 0.927581
0.028130 0.051022 0.920848
0.013541 0.080641 0.905817
0.009396 0.046182 0.944422
0.008048 0.053928 0.938024
0.015471 0.050680 0.933849
0.012764 0.041775 0.945461
0.018214 0.039823 0.941963
0.010968 0.037209 0.951824
0.006921 0.049500 0.943579
0.016502 0.041913 0.941585
0.018513 0.041658 0.939828
0.005213 0.045952 0.948834
0.011830 0.046271 0.941898
0.018498 0.043799 0.937703
0.020360 0.040983 0.938657
0.008729 0.038294 0.952977
0.007497 0.028492 0.964011
0.015813 0.025411 0.958777
0.013187 0.023455 0.963358
0.022321 0.029314 0.948365
0.015465 0.022439 0.962097
0.014790 0.028191 0.957019
0.010288 0.021661 0.968051
0.027388 0.014111 0.958502
0.011552 0.020998 0.967451
0.012402 0.022443 0.965155
0.003436 0.025939 0.970625
0.008297 0.021665 0.970038
0.028461 0.012944 0.958595
0.024877 0.025163 0.949960
0.013180 0.026421 0.960399
0.016278 0.029120 0.954602
0.013512 0.018236 0.968253
0.012691 0.028447 0.958862
0.008197 0.026129 0.965673
0.001915 0.037323 0.960762
0.008579 0.027058 0.964363
0.012257 0.030492 0.957251
0.018561 0.235929 0.745511
0.026331 0.196706 0.776964
0.007843 0.239060 0.753097
0.004932 0.214035 0.781032
0.019962 0.241296 0.738742
0.014610 0.241565 0.743824
0.015327 0.197535 0.787138
0.017093 0.367584 0.615323
0.000010 0.189514 0.810476
0.000010 0.207378 0.792612
0.003933 0.223649 0.772418
0.006340 0.216018 0.777642
0.011074 0.019696 0.969230
0.022573 0.024738 0.952689
0.017499 0.030917 0.951584
0.021844 0.038868 0.939287
0.012879 0.053478 0.933643
0.021304 0.013470 0.965226
0.005007 0.031904 0.963089
0.021785 0.024616 0.953599
0.001162 0.017754 0.981084
0.014408 0.020259 0.965334
0.004652 0.014721 0.980627
0.015588 0.014781 0.969631
0.017940 0.023835 0.958226
0.012279 0.032572 0.955149
0.018893 0.014634 0.966473
0.005345 0.026441 0.968214
0.015044 0.017962 0.966994
0.021220 0.034318 0.944463
0.019279 0.018589 0.962132
0.026017 0.029233 0.944750
0.026225 0.021948 0.951827
0.026583 0.006110 0.967307
0.032559 0.012321 0.955119
0.018407 0.013499 0.968094
0.025696 0.000010 0.974294
0.020144 0.014530 0.965326
0.019931 0.005191 0.974877
0.033352 0.000010 0.966638
0.022184 0.005432 0.972383
0.026787 0.004666 0.968547
0.055890 0.000010 0.944100
0.066999 0.000010 0.932991
0.078679 0.000010 0.921311
0.041607 0.000010 0.958383
0.072435 0.000010 0.927555
0.007560 0.496295 0.496145
0.000010 0.474177 0.525813
0.022957 0.482951 0.494092
0.004769 0.494162 0.501069
0.000010 0.483138 0.516852
0.010742 0.582010 0.407248
0.021042 0.405104 0.573854
0.013676 0.660028 0.326296
0.003610 0.608167 0.388222
0.008436 0.643566 0.347997
0.013474 0.634355 0.352171
0.006651 0.523789 0.469560
0.019029 0.665161 0.315810
0.012361 0.668202 0.319437
0.013851 0.477076 0.509073
0.010424 0.492439 0.497136
0.009750 0.490153 0.500096
0.002428 0.481665 0.515907
0.014623 0.489198 0.496179
0.081314 0.000010 0.918676
0.104117 0.005082 0.890801
0.016232 0.001532 0.982236
0.025753 0.006644 0.967603
0.033831 0.006985 0.959185
0.029977 0.011349 0.958675
0.012769 0.004930 0.982302
0.015918 0.010949 0.973133
0.025101 0.010607 0.964291
0.015565 0.007821 0.976614
0.025768 0.007727 0.966505
0.017138 0.027349 0.955513
0.027230 0.002902 0.969868
0.020445 0.000010 0.979545
0.022862 0.000010 0.977128
0.018488 0.006070 0.975443
0.031304 0.010604 0.958092
0.022960 0.000010 0.977030
0.025695 0.009096 0.965210
0.020752 0.014527 0.964721
0.013850 0.003103 0.983048
0.018237 0.000010 0.981753
0.024690 0.000010 0.975300
0.022056 0.004110 0.973835
0.030550 0.000010 0.969440
0.018439 0.011749 0.969812
0.025467 0.000010 0.974523
0.008669 0.013193 0.978138
0.005741 0.016682 0.977578
0.037091 0.003727 0.959182
0.031580 0.001993 0.966427
0.032652 0.000010 0.967338
0.029957 0.006480 0.963563
0.030163 0.009945 0.959892
0.039173 0.000010 0.960817
0.028195 0.001238 0.970567
0.035003 0.000010 0.964987
0.035471 0.000010 0.964519
0.027627 0.000010 0.972363
0.028428 0.008779 0.962794
0.031617 0.002463 0.965920
0.038046 0.000010 0.961944
0.034764 0.000010 0.965226
0.024951 0.000010 0.975039
0.032017 0.004234 0.963750
0.022457 0.008227 0.969316
0.026684 0.009082 0.964233
0.024649 0.000010 0.975341
0.038809 0.000010 0.961181
0.027543 0.000010 0.972447
0.030679 0.000521 0.968800
0.034073 0.005449 0.960478
0.034704 0.003719 0.961577
0.025256 0.006159 0.968585
0.038283 0.002867 0.958851
0.015855 0.000010 0.984135
0.028168 0.002444 0.969388
0.017028 0.001776 0.981196
0.024621 0.000010 0.975369
0.018179 0.011983 0.969838
0.022877 0.000880 0.976244
0.028774 0.000010 0.971216
0.026557 0.002204 0.971238
0.019453 0.009679 0.970869
0.017855 0.000010 0.982135
0.039917 0.000500 0.959582
0.025501 0.000010 0.974489
0.023286 0.009367 0.967347
0.024595 0.003970 0.971434
0.036357 0.000010 0.963633
0.023063 0.000010 0.976927
0.012983 0.000010 0.987007
0.014938 0.000010 0.985052
0.028324 0.000010 0.971666
0.017515 0.002100 0.980384
0.021891 0.000010 0.978099
0.022191 0.000010 0.977799
0.027527 0.003947 0.968527
0.028262 0.006840 0.964899
0.021567 0.000010 0.978423
0.014509 0.001013 0.984477
0.029611 0.000010 0.970379
0.027464 0.000010 0.972526
0.027733 0.002671 0.969596
0.046274 0.003335 0.950390
0.023744 0.006942 0.969314
0.020213 0.000010 0.979777
0.037823 0.003744 0.958433
0.016653 0.000838 0.982509
0.023696 0.009194 0.967110
0.025311 0.000944 0.973745
0.021890 0.005156 0.972954
0.012232 0.014590 0.973177
0.035620 0.002703 0.961677
0.038262 0.005940 0.955799
0.014400 0.003273 0.982327
0.037435 0.001583 0.960982
0.023259 0.002716 0.974024
0.027910 0.000010 0.972080
0.019024 0.002061 0.978916
0.022695 0.011447 0.965858
0.033695 0.002782 0.963524
0.023210 0.000010 0.976780
0.026373 0.000010 0.973617
0.028408 0.001061 0.970531
0.029776 0.000010 0.970214
0.031197 0.002480 0.966322
0.010467 0.000010 0.989523
0.021849 0.003620 0.974531
0.031553 0.003799 0.964649
0.025405 0.000010 0.974585
0.025393 0.013082 0.961525
0.025808 0.000010 0.974182
0.021180 0.000010 0.978810
0.026475 0.001092 0.972433
0.021684 0.000871 0.977445
0.020214 0.000010 0.979776
0.031371 0.000010 0.968619
0.027326 0.000703 0.971971
0.019404 0.000010 0.980586
0.032472 0.000010 0.967518
0.028542 0.001336 0.970123
0.024560 0.001381 0.974059
0.026061 0.000010 0.973929
0.025102 0.004721 0.970177
0.038699 0.037069 0.924232
0.041851 0.036113 0.922036
0.050007 0.027880 0.922113
0.032716 0.034706 0.932579
0.047456 0.025282 0.927263
0.053227 0.032714 0.914059
0.036667 0.026115 0.937219
0.042589 0.032851 0.924560
0.064206 0.026119 0.909674
0.046041 0.031141 0.922818
0.035448 0.022127 0.942425
0.035061 0.036316 0.928622
0.047977 0.024903 0.927121
0.051250 0.031736 0.917014
0.055475 0.036097 0.908429
0.036621 0.030042 0.933337
0.048457 0.026961 0.924582
0.044808 0.027131 0.928061
0.058304 0.032806 0.908890
0.046242 0.022563 0.931195
0.046534 0.020725 0.932741
0.073421 0.027624 0.898954
0.037024 0.028546 0.934431
0.056868 0.016582 0.926550
0.036090 0.029941 0.933970
0.056371 0.021310 0.922319
0.046919 0.025954 0.927127
0.063833 0.027847 0.908320
0.053309 0.023591 0.923100
0.035008 0.002133 0.962859
0.020986 0.004723 0.974291
0.028761 0.000010 0.971229
0.031737 0.000284 0.967979
0.028280 0.000010 0.971710
0.026092 0.000010 0.973898
0.023506 0.002358 0.974136
0.022856 0.000010 0.977134
0.019898 0.000010 0.980092
0.009900 0.008512 0.981588
0.041304 0.000148 0.958548
0.033061 0.000010 0.966929
0.037201 0.000010 0.962789
0.030554 0.002414 0.967032
0.039141 0.000492 0.960367
0.023675 0.000786 0.975539
0.029156 0.000010 0.970834
0.033191 0.003328 0.963481
0.040154 0.000010 0.959836
0.031990 0.000010 0.968000
0.018638 0.000010 0.981352
0.022206 0.000010 0.977784
0.042115 0.000010 0.957875
0.028038 0.001000 0.970963
0.023857 0.002700 0.973444
0.017406 0.007173 0.975421
0.026539 0.000010 0.973451
0.027275 0.005423 0.967302
0.015306 0.007505 0.977189
0.026543 0.000010 0.973447
0.017656 0.000010 0.982334
0.022877 0.000010 0.977113
0.023863 0.000010 0.976127
0.028219 0.008325 0.963456
0.345951 0.060101 0.593948
0.335550 0.052245 0.612206
0.373887 0.051222 0.574891
0.378218 0.057445 0.564337
0.304035 0.036273 0.659692
0.374456 0.064613 0.560931
0.345002 0.049063 0.605935
0.393205 0.053730 0.553065
0.317128 0.054532 0.628340
0.353481 0.059349 0.587171
0.259790 0.041201 0.699009
0.384632 0.050190 0.565178
0.386472 0.058130 0.555398
0.284783 0.037795 0.677422
0.385059 0.068284 0.546657
0.342943 0.056381 0.600677
0.370127 0.060201 0.569672
0.366719 0.058680 0.574601
0.260800 0.043431 0.695768
0.387365 0.060467 0.552168
0.282688 0.044544 0.672767
0.326503 0.048212 0.625285
0.380335 0.049923 0.569741
0.376347 0.054397 0.569256
0.361922 0.058968 0.579110
0.370256 0.049868 0.579876
0.355668 0.052603 0.591729
0.278233 0.056601 0.665166
0.346082 0.049166 0.604752
0.389405 0.064860 0.545735
0.317974 0.047055 0.634971
0.350331 0.055089 0.594580
0.381810 0.054168 0.564022
0.360706 0.051319 0.587976
0.318009 0.047640 0.634351
0.375766 0.057510 0.566724
0.325545 0.053291 0.621164
0.345812 0.039964 0.614223
0.383321 0.059672 0.557006
0.410309 0.064737 0.524955
0.303845 0.050411 0.645744
0.379879 0.055742 0.564379
0.313477 0.044506 0.642017
0.356229 0.055365 0.588406
0.403808 0.051312 0.544880
0.346503 0.057988 0.595510
0.280368 0.042235 0.677397
0.358583 0.055283 0.586134
0.397220 0.074462 0.528319
0.314242 0.045062 0.640696
0.381259 0.070924 0.547817
0.276350 0.055193 0.668457
0.375602 0.056694 0.567704
0.389247 0.050571 0.560182
0.382084 0.049559 0.568357
0.378106 0.054686 0.567209
0.373177 0.060206 0.566617
0.378652 0.072894 0.548454
0.368965 0.062820 0.568215
0.353650 0.052478 0.593872
0.391887 0.058231 0.549882
0.385691 0.064339 0.549971
0.374928 0.060027 0.565046
0.351018 0.057659 0.591324
0.391273 0.059829 0.548898
0.354363 0.055021 0.590615
0.382818 0.062114 0.555068
0.377537 0.051024 0.571439
0.357740 0.063756 0.578504
0.383355 0.066412 0.550233
0.390746 0.054360 0.554894
0.369281 0.054057 0.576663
0.376368 0.056648 0.566984
0.368339 0.051772 0.579889
0.291621 0.049379 0.659000
0.372408 0.056281 0.571311
0.381782 0.052920 0.565298
0.387080 0.050730 0.562190
0.384579 0.056269 0.559152
0.361297 0.057857 0.580846
0.376256 0.047223 0.576521
0.368171 0.052534 0.579294
0.368604 0.059257 0.572140
0.376634 0.047775 0.575591
0.369580 0.060454 0.569965
0.354506 0.049663 0.595831
0.397324 0.056609 0.546067
0.378669 0.063252 0.558080
0.370950 0.064650 0.564400
0.384762 0.053917 0.561320
0.382922 0.058946 0.558132
0.364169 0.062038 0.573793
0.379387 0.066246 0.554367
0.371136 0.061162 0.567702
0.388963 0.045629 0.565407
0.364224 0.050374 0.585401
0.380218 0.050325 0.569457
0.360883 0.056517 0.582600
0.369734 0.056242 0.574024
0.372341 0.052773 0.574886
0.387922 0.054002 0.558076
0.391282 0.044141 0.564577
0.383805 0.048988 0.567207
0.391594 0.054222 0.554183
0.001718 0.026427 0.971855
0.020579 0.025103 0.954317
0.025917 0.018537 0.955546
0.012568 0.020765 0.966666
0.016714 0.015110 0.968176
0.009034 0.017609 0.973356
0.012686 0.019581 0.967733
0.008472 0.023396 0.968132
0.005445 0.017493 0.977062
0.016032 0.023637 0.960332
0.023100 0.015227 0.961672
0.000010 0.016940 0.983050
0.014936 0.020012 0.965052
0.010599 0.015242 0.974158
0.024592 0.018386 0.957022
0.016896 0.021856 0.961248
0.023231 0.030639 0.946129
0.023895 0.016004 0.960102
0.011342 0.017612 0.971046
0.020499 0.009095 0.970406
0.035612 0.025081 0.939307
0.017353 0.018394 0.964253
0.004266 0.031189 0.964544
0.025884 0.015912 0.958204
0.026656 0.012115 0.961228
0.005048 0.020987 0.973966
0.026330 0.021596 0.952075
0.012322 0.022068 0.965610
0.024823 0.010991 0.964185
0.022747 0.027933 0.949320
0.032938 0.034162 0.932900
0.025533 0.019138 0.955330
0.027212 0.008824 0.963964
0.022866 0.010367 0.966767
0.021160 0.024390 0.954449
0.014823 0.041833 0.943344
0.032840 0.012523 0.954638
0.021806 0.014123 0.964071
0.024497 0.020515 0.954987
0.024435 0.014617 0.960948
0.033459 0.014119 0.952422
0.053786 0.029843 0.916371
0.006272 0.025625 0.968103
0.009813 0.027818 0.962369
0.012525 0.028012 0.959462
0.013343 0.021394 0.965264
0.017506 0.014423 0.968071
0.016947 0.022474 0.960579
0.019184 0.012236 0.968580
0.022922 0.016731 0.960347
0.028369 0.020101 0.951530
0.023617 0.010649 0.965733
0.028949 0.013230 0.957820
0.000010 0.019411 0.980579
0.018254 0.022648 0.959098
0.029610 0.015640 0.954750
0.029394 0.912594 0.058011
0.032325 0.877777 0.089898
0.031592 0.912619 0.055788
0.027694 0.921116 0.051190
0.560308 0.013500 0.426192
0.470892 0.014165 0.514944
0.553599 0.019738 0.426663
0.581609 0.017126 0.401265
0.442360 0.026380 0.531260
0.567299 0.017019 0.415683
0.522854 0.024010 0.453136
0.545214 0.014560 0.440226
0.549977 0.012937 0.437086
0.525418 0.021494 0.453089
0.599800 0.017411 0.382790
0.567363 0.010740 0.421898
0.562661 0.016243 0.421096
0.537233 0.020889 0.441879
0.499012 0.013189 0.487799
0.537943 0.020719 0.441337
0.566840 0.010099 0.423061
0.560387 0.007808 0.431804
0.539034 0.010241 0.450725
0.558389 0.021881 0.419730
0.555810 0.011626 0.432564
0.350901 0.023761 0.625338
0.045062 0.000010 0.954928
0.029401 0.013871 0.956728
0.048810 0.003554 0.947636
0.030318 0.000010 0.969672
0.029468 0.007050 0.963481
0.030431 0.006511 0.963058
0.028421 0.005182 0.966396
0.044562 0.009780 0.945658
0.030813 0.007844 0.961343
0.027788 0.002397 0.969815
0.033771 0.001823 0.964406
0.029531 0.008327 0.962142
0.050109 0.010036 0.939855
0.051592 0.001499 0.946909
0.035223 0.002207 0.962570
0.034682 0.001307 0.964011
0.037124 0.001071 0.961805
0.047165 0.001826 0.951010
0.043455 0.002183 0.954362
0.008793 0.033939 0.957268
0.002374 0.024699 0.972927
0.013143 0.022775 0.964082
0.001512 0.034238 0.964250
0.011915 0.015474 0.972611
0.003932 0.013811 0.982258
0.014727 0.014160 0.971113
0.012714 0.000364 0.986922
0.018032 0.025161 0.956807
0.011818 0.034670 0.953511
0.006456 0.037594 0.955950
0.011511 0.021012 0.967477
0.023591 0.033307 0.943102
0.022122 0.021797 0.956082
0.012132 0.024628 0.963241
0.000010 0.016572 0.983418
0.016969 0.019228 0.963802
0.000010 0.042157 0.957833
0.012824 0.026908 0.960268
0.021740 0.021599 0.956661
0.023916 0.030461 0.945623
0.007744 0.034637 0.957619
0.000010 0.035856 0.964134
0.015342 0.027340 0.957318
0.007734 0.031083 0.961183
0.011705 0.063766 0.924529
0.004843 0.018559 0.976598
0.016903 0.042112 0.940985
0.011579 0.057899 0.930522
0.009403 0.029006 0.961592
0.009694 0.017596 0.972710
0.011088 0.024272 0.964640
0.003936 0.025369 0.970695
0.016099 0.011375 0.972526
0.007096 0.041291 0.951614
0.012080 0.063649 0.924271
0.012451 0.033303 0.954246
0.000010 0.004867 0.995123
0.009156 0.041712 0.949132
0.002107 0.038401 0.959492
0.007056 0.037118 0.955826
0.023360 0.033701 0.942939
0.006722 0.033901 0.959377
0.006020 0.017060 0.976920
0.021049 0.024207 0.954744
0.022886 0.030631 0.946483
0.004520 0.024656 0.970823
0.005105 0.020655 0.974240
0.000010 0.018853 0.981137
0.018027 0.006816 0.975157
0.002484 0.028174 0.969342
0.016639 0.037221 0.946140
0.018836 0.014336 0.966828
0.013168 0.018824 0.968008
0.006001 0.022897 0.971102
0.014214 0.010509 0.975277
0.006658 0.013053 0.980289
0.004038 0.039998 0.955964
0.017055 0.015945 0.967001
0.018723 0.043950 0.937327
0.077675 0.180788 0.741537
0.104502 0.048931 0.846567
0.097001 0.057723 0.845276
0.086906 0.046509 0.866585
0.068143 0.070700 0.861157
0.086252 0.101447 0.812301
0.085808 0.191769 0.722423
0.100919 0.035629 0.863452
0.090352 0.092466 0.817182
0.107907 0.050630 0.841463
0.098503 0.051901 0.849597
0.037087 0.135222 0.827691
0.113586 0.039465 0.846949
0.086422 0.067390 0.846188
0.110693 0.045790 0.843518
0.102644 0.067470 0.829885
0.108855 0.048249 0.842896
0.091448 0.056817 0.851735
0.107488 0.057563 0.834948
0.022358 0.000010 0.977632
0.026657 0.000010 0.973333
0.036262 0.000010 0.963728
0.021825 0.000010 0.978165
0.030350 0.001785 0.967865
0.031518 0.000010 0.968472
0.015810 0.005034 0.979156
0.015360 0.141992 0.842648
0.029269 0.107554 0.863178
0.025590 0.118215 0.856195
0.025861 0.124708 0.849430
0.023773 0.124122 0.852105
0.025383 0.136044 0.838573
0.031421 0.108070 0.860508
0.031715 0.121498 0.846786
0.009794 0.572119 0.418088
0.018664 0.110419 0.870917
0.026601 0.155623 0.817776
0.033891 0.128890 0.837219
0.067148 0.099018 0.833834
0.025207 0.104234 0.870558
0.028397 0.135070 0.836534
0.027330 0.108645 0.864025
0.039270 0.117582 0.843148
0.030168 0.116809 0.853023
0.024351 0.112092 0.863557
0.034949 0.115316 0.849735
0.219844 0.038382 0.741773
0.223891 0.035171 0.740938
0.236763 0.032832 0.730405
0.230260 0.030863 0.738878
0.212991 0.030955 0.756055
0.225020 0.039045 0.735935
0.227593 0.033152 0.739256
0.233307 0.028340 0.738353
0.227798 0.032764 0.739438
0.229095 0.035919 0.734986
0.222225 0.036858 0.740917
0.221352 0.027045 0.751603
0.237841 0.031091 0.731068
0.240239 0.031607 0.728154
0.237449 0.036505 0.726046
0.233996 0.025792 0.740212
0.233571 0.033545 0.732883
0.211903 0.031933 0.756164
0.240652 0.031188 0.728160
0.230823 0.031834 0.737343
0.226447 0.030370 0.743183
0.219175 0.030776 0.750048
0.673486 0.002523 0.323991
0.018624 0.008061 0.973315
0.021918 0.000770 0.977313
0.027152 0.005683 0.967165
0.026381 0.019645 0.953974
0.027931 0.012759 0.959311
0.003280 0.014427 0.982294
0.019050 0.017706 0.963243
0.021135 0.002398 0.976467
0.023206 0.008377 0.968417
0.115838 0.016553 0.867609
0.106646 0.017813 0.875542
0.107462 0.016961 0.875577
0.012817 0.022797 0.964386
0.007780 0.024777 0.967443
0.011805 0.014628 0.973567
0.020130 0.024844 0.955026
0.024347 0.027027 0.948626
0.009405 0.020563 0.970032
0.007814 0.023252 0.968934
0.005916 0.017242 0.976842
0.014286 0.100431 0.885283
0.023702 0.021747 0.954550
0.016949 0.028781 0.954270
0.001725 0.027029 0.971246
0.019016 0.019120 0.961864
0.007462 0.011740 0.980798
0.025982 0.016558 0.957461
0.009057 0.023075 0.967868
0.034790 0.022147 0.943063
0.020611 0.028035 0.951354
0.007292 0.038247 0.954461
0.015958 0.021826 0.962215
0.005749 0.027855 0.966396
0.011731 0.028597 0.959672
0.040538 0.000010 0.959452
0.047689 0.000010 0.952301
0.051813 0.000010 0.948177
0.051043 0.000010 0.948947
0.036968 0.000010 0.963022
0.043336 0.000010 0.956654
0.029606 0.079230 0.891164
0.025104 0.074765 0.900131
0.075745 0.068592 0.855663
0.088671 0.019458 0.891871
0.081975 0.022912 0.895113
0.081958 0.016633 0.901409
0.095242 0.007014 0.897743
0.072483 0.025007 0.902510
0.084414 0.011044 0.904542
0.081827 0.020612 0.897561
0.098082 0.022288 0.879630
0.078967 0.018625 0.902408
0.083346 0.016989 0.899666
0.085668 0.018265 0.896067
0.077716 0.022426 0.899858
0.082077 0.018652 0.899271
0.068474 0.031631 0.899895
0.091345 0.027520 0.881135
0.090434 0.015159 0.894407
0.082086 0.018072 0.899842
0.089743 0.021860 0.888397
0.086310 0.016869 0.896821
0.037179 0.000010 0.962811
0.023088 0.000010 0.976902
0.040520 0.000010 0.959470
0.024734 0.000010 0.975256
0.040642 0.000010 0.959348
0.056526 0.000010 0.943464
0.043299 0.000010 0.956691
0.039336 0.000010 0.960654
0.040630 0.000275 0.959095
0.049243 0.000010 0.950747
0.005281 0.009006 0.985712
0.010873 0.006880 0.982248
0.003824 0.022290 0.973885
0.014939 0.012729 0.972332
0.000010 0.028799 0.971191
0.003682 0.023048 0.973270
0.004122 0.014605 0.981273
0.015644 0.001789 0.982567
0.019865 0.005970 0.974166
0.012709 0.006291 0.981000
0.000164 0.016747 0.983088
0.007315 0.009131 0.983555
0.006597 0.977511 0.015892
0.002223 0.973047 0.024730
0.001368 0.967959 0.030673
0.009086 0.981448 0.009465
0.008641 0.970283 0.021076
0.001080 0.967424 0.031496
0.003406 0.960766 0.035828
0.013887 0.976228 0.009885
0.009835 0.959438 0.030727
0.000010 0.969680 0.030310
0.003904 0.983235 0.012861
0.006968 0.975931 0.017101
0.000729 0.976113 0.023158
0.011096 0.974586 0.014318
0.000876 0.954745 0.044378
0.000971 0.969562 0.029467
0.006543 0.972738 0.020720
0.000010 0.982837 0.017153
0.004060 0.972637 0.023303
0.011496 0.978103 0.010402
0.001156 0.953993 0.044851
0.005832 0.976166 0.018002
0.008462 0.949629 0.041909
0.005612 0.955046 0.039342
0.002745 0.962039 0.035216
0.006484 0.980998 0.012518
0.002247 0.975344 0.022410
0.002849 0.967457 0.029694
0.005065 0.964380 0.030556
0.010627 0.959562 0.029811
0.004322 0.977010 0.018668
0.006660 0.954974 0.038366
0.002008 0.966704 0.031288
0.003011 0.974783 0.022206
0.013463 0.966612 0.019925
0.006129 0.966755 0.027116
0.002584 0.984160 0.013256
0.001728 0.972214 0.026058
0.009011 0.978155 0.012834
0.001531 0.977669 0.020800
0.010485 0.976137 0.013377
0.007203 0.975424 0.017372
0.019701 0.964098 0.016201
0.005810 0.977464 0.016726
0.004373 0.968915 0.026713
0.000904 0.970673 0.028423
0.007460 0.986765 0.005775
0.000010 0.974677 0.025313
0.004007 0.971738 0.024254
0.000010 0.971750 0.028240
0.008829 0.961759 0.029412
0.000801 0.967905 0.031294
0.000010 0.985635 0.014355
0.006037 0.963763 0.030200
0.009223 0.974845 0.015932
0.002951 0.979858 0.017192
0.002707 0.970806 0.026487
0.004189 0.974498 0.021313
0.004711 0.968478 0.026811
0.000010 0.978866 0.021124
0.006755 0.972531 0.020714
0.000016 0.982313 0.017672
0.012502 0.957044 0.030455
0.010288 0.949578 0.040135
0.004179 0.973211 0.022609
0.002589 0.964664 0.032747
0.008606 0.973669 0.017725
0.000010 0.970151 0.029839
0.011218 0.979448 0.009334
0.010391 0.961847 0.027762
0.018891 0.969137 0.011972
0.004938 0.955777 0.039285
0.005089 0.979894 0.015017
0.010156 0.971729 0.018115
0.005410 0.970653 0.023937
0.000010 0.966152 0.033838
0.014624 0.965176 0.020200
0.008260 0.976168 0.015572
0.000647 0.972005 0.027348
0.004466 0.962530 0.033004
0.002270 0.974015 0.023715
0.000010 0.975088 0.024902
0.004140 0.963439 0.032421
0.007122 0.975245 0.017633
0.003998 0.971807 0.024196
