0.028829 0.329762 0.025090 0.616320
0.028963 0.303735 0.019103 0.648200
0.062578 0.320901 0.016954 0.599567
0.041579 0.161229 0.030090 0.767102
0.028810 0.187273 0.007158 0.776758
0.027158 0.126809 0.018241 0.827792
0.015497 0.196995 0.008772 0.778737
0.006221 0.151083 0.026974 0.815722
0.031448 0.206350 0.011639 0.750563
0.018012 0.172761 0.023320 0.785907
0.034012 0.169547 0.020356 0.776085
0.032105 0.177225 0.006921 0.783750
0.007327 0.204350 0.039515 0.748808
0.000010 0.182522 0.031702 0.785765
0.021604 0.131908 0.019967 0.826521
0.038170 0.091162 0.010539 0.860129
0.031064 0.111253 0.013546 0.844138
0.019261 0.111372 0.047905 0.821462
0.034778 0.173859 0.027240 0.764122
0.034992 0.136116 0.018346 0.810546
0.027266 0.163469 0.034962 0.774302
0.009995 0.144464 0.014930 0.830611
0.037638 0.140517 0.015372 0.806472
0.016779 0.113517 0.037644 0.832060
0.043860 0.108522 0.014584 0.833034
0.056637 0.082115 0.025343 0.835905
0.031619 0.161857 0.029458 0.777066
0.042725 0.074708 0.000010 0.882557
0.018607 0.110559 0.029198 0.841637
0.006801 0.116521 0.022377 0.854301
0.024031 0.149366 0.022758 0.803845
0.031670 0.068079 0.030524 0.869727
0.039650 0.120962 0.019398 0.819990
0.009902 0.177620 0.027299 0.785179
0.022174 0.117162 0.016728 0.843936
0.037846 0.120751 0.021932 0.819472
0.005098 0.165205 0.017068 0.812629
0.022238 0.123222 0.035048 0.819492
0.096110 0.261980 0.003371 0.638538
0.023667 0.343417 0.000659 0.632257
0.056110 0.346809 0.018228 0.578853
0.133136 0.287195 0.000010 0.579658
0.056887 0.296564 0.013535 0.633013
0.084238 0.297773 0.002672 0.615316
0.072208 0.268370 0.000010 0.659412
0.102478 0.243604 0.000010 0.653908
0.078520 0.349243 0.000010 0.572227
0.054305 0.356516 0.023430 0.565749
0.029379 0.351994 0.020815 0.597813
0.052229 0.308205 0.008351 0.631216
0.068827 0.300413 0.020045 0.610715
0.053143 0.308542 0.000010 0.638305
0.040597 0.310014 0.017212 0.632177
0.090959 0.269593 0.022455 0.616993
0.000010 0.137383 0.513244 0.349363
0.000215 0.173626 0.461967 0.364193
0.000010 0.103956 0.503325 0.392709
0.011574 0.134503 0.510022 0.343901
0.000010 0.138693 0.467089 0.394207
0.000010 0.106228 0.484232 0.409531
0.012287 0.128741 0.490922 0.368050
0.013978 0.168937 0.491145 0.325941
0.000010 0.117373 0.495008 0.387609
0.000010 0.158225 0.508144 0.333621
0.001249 0.000010 0.976746 0.021995
0.041473 0.007728 0.950789 0.000010
0.000010 0.022549 0.977382 0.000059
0.000010 0.050757 0.933176 0.016056
0.008203 0.039926 0.951861 0.000010
0.000010 0.000010 0.973712 0.026268
0.000010 0.036340 0.957289 0.006361
0.009745 0.010022 0.959904 0.020330
0.008290 0.013295 0.978404 0.000010
0.013847 0.017005 0.969138 0.000010
0.021939 0.030294 0.947757 0.000010
0.023969 0.021758 0.940929 0.013345
0.000010 0.021425 0.973095 0.005470
0.018895 0.102721 0.032402 0.845982
0.058518 0.082639 0.022233 0.836610
0.021906 0.116585 0.045344 0.816165
0.031718 0.089881 0.046079 0.832322
0.038915 0.156611 0.024251 0.780222
0.023047 0.125071 0.008817 0.843066
0.018172 0.181173 0.000010 0.800645
0.038969 0.141030 0.016569 0.803432
0.032924 0.158069 0.006831 0.802177
0.021141 0.177676 0.021475 0.779707
0.035111 0.138069 0.010899 0.815922
0.010595 0.142841 0.005397 0.841167
0.012517 0.127722 0.041610 0.818151
0.038199 0.041710 0.040613 0.879478
0.038534 0.123317 0.017189 0.820959
0.039187 0.118817 0.034073 0.807922
0.017258 0.119033 0.029641 0.834067
0.011702 0.098176 0.029252 0.860870
0.036280 0.134448 0.039098 0.790173
0.021690 0.126868 0.022459 0.828983
0.000010 0.204868 0.029794 0.765328
0.015271 0.171629 0.020845 0.792256
0.020848 0.101375 0.038465 0.839312
0.048463 0.091150 0.008629 0.851758
0.066429 0.129014 0.002518 0.802038
0.022908 0.083873 0.028467 0.864753
0.046676 0.138412 0.024762 0.790149
0.037267 0.140735 0.000010 0.821987
0.033989 0.137590 0.030604 0.797817
0.021093 0.157988 0.011510 0.809409
0.038324 0.081904 0.770072 0.109701
0.006743 0.134550 0.771694 0.087013
0.022508 0.120834 0.749850 0.106809
0.017999 0.043367 0.787254 0.151380
0.058727 0.078244 0.761382 0.101646
0.004240 0.132225 0.743087 0.120448
0.027126 0.141646 0.756601 0.074627
0.042214 0.065218 0.712178 0.180390
0.001517 0.047046 0.757317 0.194120
0.022542 0.076960 0.757600 0.142898
0.019482 0.093373 0.754078 0.133066
0.031997 0.095943 0.734187 0.137873
0.032307 0.092158 0.769818 0.105717
0.027993 0.087288 0.726997 0.157723
0.032808 0.096399 0.730858 0.139935
0.018462 0.277359 0.025500 0.678679
0.013250 0.382022 0.017842 0.586886
0.000010 0.370663 0.016001 0.613325
0.000010 0.331994 0.014987 0.653009
0.009339 0.344882 0.014913 0.630866
0.019769 0.346321 0.000010 0.633900
0.000010 0.402789 0.028718 0.568483
0.000010 0.320855 0.020219 0.658917
0.000010 0.332754 0.015030 0.652207
0.012735 0.320218 0.015441 0.651606
0.034901 0.283365 0.027172 0.654563
0.000010 0.261649 0.033509 0.704831
0.000010 0.323945 0.014159 0.661886
0.010218 0.306522 0.021921 0.661338
0.000010 0.297679 0.026491 0.675821
0.006025 0.303873 0.026067 0.664035
0.088270 0.362051 0.000010 0.549669
0.055257 0.340400 0.037818 0.566525
0.102115 0.298766 0.041118 0.558002
0.051762 0.289145 0.033735 0.625358
0.081469 0.357047 0.017254 0.544230
0.115677 0.352223 0.008752 0.523348
0.052879 0.361712 0.014123 0.571286
0.065981 0.358916 0.035586 0.539516
0.105234 0.344516 0.021756 0.528493
0.056396 0.377789 0.028702 0.537113
0.094875 0.281259 0.052125 0.571741
0.087843 0.317137 0.004193 0.590827
0.074237 0.342641 0.021999 0.561124
0.055292 0.373546 0.030534 0.540627
0.101184 0.333051 0.035353 0.530412
0.080046 0.317060 0.024275 0.578618
0.076212 0.315845 0.000010 0.607933
0.091224 0.310164 0.001534 0.597079
0.055308 0.598971 0.001997 0.343725
0.145491 0.611348 0.007470 0.235691
0.051193 0.419128 0.182891 0.346789
0.082335 0.679199 0.000010 0.238456
0.067815 0.478308 0.129859 0.324018
0.056146 0.573710 0.048415 0.321729
0.079666 0.585528 0.026269 0.308537
0.093262 0.523316 0.007899 0.375522
0.132693 0.539315 0.007030 0.320962
0.201032 0.661569 0.009451 0.127948
0.056920 0.587010 0.026803 0.329268
0.103133 0.620187 0.000010 0.276670
0.081064 0.520300 0.111156 0.287480
0.089045 0.534351 0.054507 0.322096
0.037536 0.602623 0.034936 0.324905
0.108956 0.500283 0.007073 0.383688
0.066680 0.601837 0.021395 0.310089
0.093060 0.576271 0.023443 0.307226
0.090889 0.579177 0.047787 0.282147
0.119040 0.665435 0.005536 0.209988
0.089933 0.614642 0.023480 0.271946
0.108438 0.593281 0.022459 0.275822
0.106491 0.601028 0.034097 0.258383
0.000010 0.000010 0.988605 0.011375
0.004391 0.000289 0.963670 0.031649
0.000010 0.023906 0.968052 0.008032
0.027803 0.000010 0.935950 0.036237
0.023113 0.000010 0.976867 0.000010
0.000010 0.055921 0.918262 0.025807
0.000010 0.023385 0.902075 0.074530
0.005491 0.000010 0.977601 0.016898
0.000010 0.026034 0.973946 0.000010
0.001658 0.000010 0.998322 0.000010
0.000010 0.000010 0.999970 0.000010
0.021369 0.000010 0.978611 0.000010
0.028233 0.000010 0.971747 0.000010
0.000010 0.018263 0.981717 0.000010
0.012335 0.000010 0.987645 0.000010
0.005729 0.017829 0.976431 0.000010
0.008465 0.000010 0.991515 0.000010
0.004682 0.000010 0.028167 0.967141
0.032654 0.013775 0.029035 0.924535
0.040891 0.000010 0.009402 0.949697
0.029017 0.000010 0.036803 0.934169
0.048130 0.000010 0.011202 0.940658
0.020767 0.021369 0.038034 0.919829
0.041716 0.000010 0.015423 0.942851
0.010586 0.056660 0.009255 0.923499
0.018402 0.018999 0.013317 0.949281
0.042566 0.000010 0.000010 0.957414
0.018365 0.000010 0.025727 0.955898
0.039626 0.031682 0.000010 0.928682
0.032301 0.000010 0.000010 0.967679
0.050862 0.000010 0.016035 0.933093
0.026583 0.050440 0.004608 0.918368
0.019277 0.000010 0.023490 0.957223
0.039790 0.000010 0.005463 0.954736
0.032755 0.000010 0.044432 0.922804
0.015101 0.003972 0.015148 0.965779
0.029037 0.000010 0.000010 0.970943
0.033630 0.000010 0.000082 0.966278
0.039898 0.020170 0.006423 0.933509
0.029012 0.000010 0.004391 0.966588
0.000010 0.268397 0.139569 0.592024
0.000010 0.225103 0.143217 0.631670
0.000010 0.244998 0.164659 0.590332
0.000010 0.254645 0.119301 0.626044
0.000010 0.156034 0.236965 0.606991
0.000010 0.264886 0.113097 0.622007
0.011191 0.269437 0.115137 0.604235
0.000010 0.256545 0.139635 0.603810
0.000010 0.254825 0.115467 0.629698
0.000010 0.227051 0.113872 0.659067
0.000010 0.278594 0.114399 0.606998
0.000686 0.262104 0.142135 0.595076
0.001532 0.193349 0.177659 0.627461
0.018551 0.053856 0.834848 0.092746
0.000010 0.187453 0.157170 0.655367
0.000010 0.201117 0.137770 0.661102
0.000010 0.244091 0.133832 0.622066
0.013155 0.206946 0.121899 0.658000
0.000010 0.303953 0.127023 0.569014
0.000010 0.283314 0.195922 0.520755
0.034093 0.274030 0.110514 0.581363
0.000399 0.247247 0.142151 0.610203
0.000010 0.268523 0.115870 0.615598
0.000010 0.216006 0.208800 0.575185
0.000010 0.253609 0.189675 0.556707
0.013133 0.233467 0.163084 0.590315
0.000010 0.237356 0.128191 0.634444
0.017330 0.251872 0.142834 0.587963
0.000010 0.186634 0.182912 0.630443
0.000010 0.214039 0.145673 0.640278
0.000010 0.257627 0.203989 0.538374
0.000010 0.269280 0.115298 0.615411
0.000010 0.311981 0.121479 0.566530
0.000010 0.271114 0.107089 0.621786
0.000010 0.256309 0.120698 0.622982
0.011988 0.243642 0.160475 0.583895
0.000010 0.215379 0.245482 0.539128
0.000010 0.264317 0.142101 0.593572
0.000010 0.238102 0.141696 0.620192
0.000010 0.278172 0.119857 0.601961
0.004973 0.285877 0.117025 0.592125
0.000010 0.242453 0.123102 0.634435
0.000010 0.275850 0.110034 0.614106
0.000010 0.261851 0.087878 0.650261
0.000010 0.257558 0.121387 0.621045
0.077522 0.077237 0.018786 0.826455
0.073784 0.006333 0.015412 0.904471
0.075627 0.018957 0.001565 0.903851
0.074294 0.048998 0.004648 0.872060
0.059170 0.094710 0.000010 0.846110
0.054546 0.048818 0.000010 0.896626
0.052054 0.023875 0.002822 0.921249
0.083110 0.057885 0.000010 0.858995
0.055500 0.008889 0.018341 0.917270
0.068782 0.025722 0.000010 0.905486
0.077201 0.041545 0.004849 0.876405
0.051540 0.075581 0.000010 0.872869
0.048618 0.061079 0.000010 0.890293
0.066381 0.005335 0.000010 0.928275
0.071484 0.038415 0.000010 0.890091
0.042607 0.066408 0.003025 0.887960
0.000010 0.000010 0.999970 0.000010
0.000010 0.000010 0.999970 0.000010
0.015928 0.000010 0.984052 0.000010
0.004655 0.000010 0.995325 0.000010
0.000010 0.000010 0.999970 0.000010
0.003829 0.000010 0.996151 0.000010
0.002852 0.000010 0.997128 0.000010
0.006828 0.000010 0.993152 0.000010
0.000010 0.000010 0.999970 0.000010
0.000010 0.000010 0.999970 0.000010
0.015414 0.000010 0.984566 0.000010
0.000010 0.000010 0.999970 0.000010
0.004438 0.000010 0.995542 0.000010
0.000010 0.005640 0.994340 0.000010
0.000010 0.000010 0.999970 0.000010
0.000010 0.000010 0.999970 0.000010
0.006852 0.000010 0.993128 0.000010
0.005661 0.000010 0.994319 0.000010
0.006341 0.000010 0.993639 0.000010
0.044106 0.081893 0.016212 0.857789
0.050193 0.094271 0.000010 0.855526
0.044687 0.060246 0.000010 0.895057
0.044345 0.057415 0.007875 0.890365
0.071491 0.067237 0.000010 0.861262
0.077086 0.055882 0.000010 0.867022
0.052977 0.057589 0.014979 0.874455
0.029527 0.059765 0.004140 0.906568
0.035572 0.104706 0.009241 0.850482
0.028167 0.074814 0.015097 0.881923
0.035117 0.125333 0.001951 0.837599
0.051057 0.093069 0.014619 0.841255
0.062880 0.021178 0.019401 0.896541
0.017590 0.106057 0.007970 0.868384
0.080753 0.580864 0.030734 0.307649
0.027934 0.619224 0.028017 0.324825
0.063886 0.638555 0.048480 0.249078
0.063108 0.569460 0.042157 0.325274
0.068697 0.571534 0.009887 0.349882
0.065700 0.553469 0.026025 0.354806
0.035281 0.633986 0.023351 0.307381
0.058469 0.626494 0.023159 0.291878
0.109342 0.546972 0.017507 0.326179
0.052279 0.605835 0.050744 0.291143
0.088220 0.539742 0.034745 0.337292
0.042337 0.643834 0.011825 0.302005
0.072351 0.561497 0.053167 0.312986
0.085993 0.490535 0.158916 0.264556
0.083845 0.632245 0.015917 0.267992
0.079233 0.607621 0.017608 0.295539
0.091568 0.637434 0.046714 0.224284
0.087597 0.623279 0.072001 0.217123
0.059190 0.568729 0.048196 0.323885
0.054160 0.586671 0.056350 0.302818
0.078157 0.594938 0.027229 0.299675
0.047891 0.579131 0.074553 0.298425
0.047573 0.621736 0.038630 0.292061
0.045130 0.081713 0.023838 0.849318
0.022153 0.117023 0.001689 0.859135
0.018649 0.140427 0.007310 0.833614
0.047586 0.093737 0.013190 0.845487
0.031683 0.078889 0.024569 0.864858
0.050752 0.106133 0.021912 0.821203
0.019185 0.118249 0.018039 0.844527
0.082749 0.085104 0.008990 0.823158
0.062414 0.088971 0.017894 0.830722
0.042451 0.108537 0.017827 0.831184
0.044496 0.158484 0.000010 0.797010
0.032126 0.086918 0.016613 0.864343
0.055842 0.031444 0.022621 0.890093
0.033594 0.080052 0.021975 0.864378
0.074499 0.055130 0.014454 0.855918
0.044798 0.062613 0.000010 0.892579
0.032206 0.095340 0.013720 0.858734
0.048558 0.120253 0.000010 0.831179
0.030725 0.126130 0.016172 0.826973
0.030666 0.096024 0.007123 0.866187
0.028387 0.064377 0.041100 0.866136
0.025825 0.119228 0.039151 0.815796
0.029335 0.088351 0.012114 0.870200
0.057189 0.214654 0.015257 0.712901
0.103659 0.139855 0.010728 0.745757
0.028712 0.105436 0.012316 0.853536
0.016133 0.092469 0.021125 0.870273
0.029879 0.119621 0.012848 0.837653
0.051736 0.087564 0.020006 0.840694
0.072553 0.084749 0.013608 0.829090
0.264520 0.496169 0.000010 0.239301
0.212904 0.509089 0.000010 0.277997
0.223152 0.587554 0.001290 0.188005
0.210271 0.562978 0.000010 0.226742
0.205245 0.533582 0.001636 0.259538
0.229163 0.540170 0.014013 0.216653
0.200450 0.619610 0.006043 0.173896
0.220047 0.485105 0.021238 0.273611
0.245758 0.524637 0.000010 0.229595
0.238816 0.557599 0.000010 0.203575
0.242463 0.554322 0.000010 0.203205
0.245548 0.568321 0.000010 0.186121
0.215506 0.580399 0.018244 0.185851
0.206787 0.588256 0.000010 0.204946
0.234079 0.515019 0.019450 0.231452
0.214880 0.543462 0.000010 0.241648
0.215437 0.565832 0.000010 0.218722
0.223516 0.558569 0.000010 0.217905
0.251387 0.515374 0.009134 0.224105
0.248983 0.502008 0.018872 0.230138
0.210836 0.510046 0.000010 0.279108
0.206941 0.597983 0.000010 0.195066
0.220330 0.582597 0.013815 0.183258
0.234369 0.572389 0.026285 0.166958
0.245400 0.523239 0.000010 0.231350
0.006638 0.175055 0.042569 0.775738
0.000010 0.188160 0.023792 0.788038
0.000010 0.172203 0.048963 0.778824
0.000010 0.214016 0.035587 0.750387
0.000010 0.211574 0.037054 0.751362
0.021184 0.147673 0.022050 0.809093
0.027371 0.206250 0.043540 0.722839
0.015778 0.155646 0.036777 0.791799
0.005755 0.179143 0.058727 0.756376
0.002879 0.187439 0.024954 0.784728
0.003529 0.140029 0.047081 0.809361
0.000010 0.183552 0.047343 0.769095
0.005301 0.165472 0.019056 0.810171
0.000010 0.181837 0.055685 0.762468
0.018060 0.188381 0.029677 0.763882
0.028387 0.189817 0.036980 0.744816
0.016769 0.154939 0.045686 0.782605
0.999970 0.000010 0.000010 0.000010
0.989729 0.000010 0.010251 0.000010
0.967982 0.015627 0.015710 0.000681
0.999970 0.000010 0.000010 0.000010
0.993069 0.000010 0.006911 0.000010
0.999970 0.000010 0.000010 0.000010
0.999970 0.000010 0.000010 0.000010
0.999970 0.000010 0.000010 0.000010
0.984519 0.000010 0.015461 0.000010
0.999970 0.000010 0.000010 0.000010
0.974692 0.025288 0.000010 0.000010
0.987781 0.012199 0.000010 0.000010
0.990057 0.001144 0.008789 0.000010
0.983605 0.000010 0.007865 0.008520
0.983932 0.016048 0.000010 0.000010
0.999970 0.000010 0.000010 0.000010
0.995487 0.004493 0.000010 0.000010
0.999970 0.000010 0.000010 0.000010
0.999970 0.000010 0.000010 0.000010
0.963224 0.000010 0.001580 0.035185
0.999970 0.000010 0.000010 0.000010
0.999970 0.000010 0.000010 0.000010
0.986323 0.013657 0.000010 0.000010
0.997927 0.000010 0.002053 0.000010
0.987574 0.000586 0.002487 0.009353
0.990716 0.000010 0.000010 0.009264
0.987061 0.000010 0.000010 0.012919
0.992153 0.007827 0.000010 0.000010
0.999970 0.000010 0.000010 0.000010
0.999348 0.000632 0.000010 0.000010
0.978770 0.021210 0.000010 0.000010
0.975661 0.000010 0.000010 0.024319
0.998440 0.001540 0.000010 0.000010
0.978658 0.000010 0.000010 0.021322
0.997055 0.000010 0.002925 0.000010
0.999970 0.000010 0.000010 0.000010
0.999970 0.000010 0.000010 0.000010
0.995761 0.000010 0.004219 0.000010
0.998748 0.000010 0.001232 0.000010
0.999970 0.000010 0.000010 0.000010
0.974447 0.000010 0.025533 0.000010
0.999970 0.000010 0.000010 0.000010
0.976223 0.000010 0.000010 0.023757
0.999970 0.000010 0.000010 0.000010
0.965732 0.034248 0.000010 0.000010
0.999970 0.000010 0.000010 0.000010
0.999970 0.000010 0.000010 0.000010
0.973738 0.026242 0.000010 0.000010
0.997626 0.001049 0.000010 0.001314
0.996476 0.003504 0.000010 0.000010
0.999970 0.000010 0.000010 0.000010
0.996825 0.000010 0.003155 0.000010
0.981735 0.017358 0.000897 0.000010
0.993932 0.000010 0.000010 0.006048
0.999970 0.000010 0.000010 0.000010
0.986755 0.000010 0.011161 0.002074
0.999970 0.000010 0.000010 0.000010
0.964388 0.035592 0.000010 0.000010
0.963007 0.031964 0.005019 0.000010
0.999970 0.000010 0.000010 0.000010
0.993963 0.000010 0.006017 0.000010
0.999970 0.000010 0.000010 0.000010
0.972384 0.027596 0.000010 0.000010
0.999970 0.000010 0.000010 0.000010
0.999970 0.000010 0.000010 0.000010
0.999970 0.000010 0.000010 0.000010
0.998397 0.000010 0.001583 0.000010
0.979059 0.000010 0.005513 0.015418
0.981422 0.000010 0.000010 0.018558
0.987109 0.012871 0.000010 0.000010
0.999970 0.000010 0.000010 0.000010
0.999970 0.000010 0.000010 0.000010
0.978756 0.020435 0.000799 0.000010
0.989858 0.000010 0.000010 0.010122
0.999970 0.000010 0.000010 0.000010
0.968391 0.031589 0.000010 0.000010
0.999970 0.000010 0.000010 0.000010
0.999970 0.000010 0.000010 0.000010
0.999970 0.000010 0.000010 0.000010
0.999970 0.000010 0.000010 0.000010
0.999970 0.000010 0.000010 0.000010
0.999970 0.000010 0.000010 0.000010
0.998682 0.000010 0.001298 0.000010
0.999970 0.000010 0.000010 0.000010
0.995206 0.004774 0.000010 0.000010
0.999970 0.000010 0.000010 0.000010
0.999970 0.000010 0.000010 0.000010
0.983237 0.000010 0.016743 0.000010
0.999970 0.000010 0.000010 0.000010
0.999970 0.000010 0.000010 0.000010
0.999970 0.000010 0.000010 0.000010
0.950356 0.047302 0.002332 0.000010
0.999970 0.000010 0.000010 0.000010
0.999970 0.000010 0.000010 0.000010
0.999970 0.000010 0.000010 0.000010
0.967240 0.010952 0.018477 0.003331
0.961109 0.036013 0.002868 0.000010
0.983826 0.000010 0.008447 0.007716
0.999970 0.000010 0.000010 0.000010
0.999970 0.000010 0.000010 0.000010
0.992533 0.007447 0.000010 0.000010
0.999970 0.000010 0.000010 0.000010
0.999970 0.000010 0.000010 0.000010
0.994951 0.000010 0.000010 0.005029
0.981511 0.007185 0.009408 0.001895
0.989604 0.000882 0.009503 0.000010
0.999146 0.000010 0.000834 0.000010
0.299799 0.043162 0.013230 0.643809
0.256218 0.091511 0.000010 0.652261
0.290205 0.000460 0.000010 0.709325
0.099128 0.034970 0.014122 0.851779
0.254726 0.074624 0.000010 0.670640
0.243237 0.064228 0.005617 0.686918
0.267356 0.113207 0.000010 0.619427
0.260408 0.118106 0.000010 0.621476
0.269059 0.054317 0.000010 0.676614
0.258922 0.069365 0.000010 0.671703
0.222097 0.091386 0.003785 0.682731
0.227994 0.112945 0.000010 0.659051
0.270030 0.087418 0.000010 0.642542
0.266677 0.098075 0.006101 0.629148
0.273261 0.103857 0.006439 0.616443
0.252856 0.028435 0.000010 0.718700
0.248851 0.116664 0.015945 0.618540
0.235315 0.060130 0.003921 0.700634
0.264297 0.086848 0.000010 0.648845
0.012334 0.156163 0.032199 0.799304
0.041730 0.088238 0.017453 0.852579
0.007957 0.107248 0.026446 0.858349
0.013856 0.101753 0.019573 0.864818
0.002197 0.110596 0.057022 0.830185
0.028919 0.132940 0.003600 0.834541
0.013986 0.160419 0.033001 0.792594
0.038758 0.135909 0.015750 0.809583
0.028142 0.150762 0.042774 0.778323
0.023415 0.178048 0.016396 0.782141
0.017683 0.152938 0.017968 0.811411
0.000010 0.142941 0.024603 0.832446
0.036698 0.108490 0.031943 0.822869
0.053974 0.092417 0.004548 0.849062
0.035101 0.131808 0.022694 0.810397
0.000010 0.090414 0.031439 0.878137
0.057408 0.060592 0.011185 0.870815
0.055839 0.000010 0.015747 0.928404
0.055157 0.097760 0.000010 0.847073
0.004222 0.097817 0.014178 0.883783
0.053137 0.043306 0.031265 0.872292
0.047818 0.034107 0.009983 0.908092
0.031713 0.045390 0.030763 0.892134
0.064570 0.116385 0.000010 0.819036
0.047304 0.032050 0.000350 0.920297
0.034881 0.076051 0.008308 0.880760
0.046967 0.071424 0.000010 0.881600
0.055480 0.089440 0.000010 0.855070
0.031718 0.046644 0.004968 0.916670
0.058453 0.054179 0.000010 0.887359
0.056732 0.047711 0.026901 0.868655
0.068347 0.015935 0.014004 0.901714
0.043168 0.074398 0.009086 0.873348
0.055916 0.016363 0.020984 0.906737
0.066965 0.046136 0.007853 0.879047
0.067114 0.058383 0.000010 0.874493
0.065342 0.051224 0.010698 0.872735
0.065674 0.005804 0.046091 0.882431
0.036188 0.096796 0.003477 0.863539
0.065467 0.022538 0.025726 0.886269
0.014849 0.114500 0.009245 0.861406
0.041350 0.099236 0.009337 0.850077
0.068644 0.033233 0.014941 0.883181
0.060196 0.028737 0.007803 0.903264
0.040366 0.044678 0.009594 0.905363
0.036184 0.089361 0.019777 0.854677
0.062516 0.075541 0.004768 0.857175
0.049011 0.085208 0.012186 0.853594
0.048453 0.062787 0.024862 0.863898
0.046685 0.083662 0.003562 0.866090
0.050548 0.019039 0.011520 0.918893
0.050076 0.121881 0.009362 0.818680
0.015581 0.074359 0.033572 0.876488
0.055138 0.108442 0.003022 0.833398
0.033497 0.064391 0.001099 0.901012
0.017353 0.075115 0.000010 0.907521
0.059940 0.084577 0.000010 0.855473
0.047876 0.050869 0.001875 0.899380
0.050947 0.020511 0.011560 0.916982
0.006476 0.220111 0.051057 0.722357
0.019466 0.217682 0.043703 0.719149
0.000010 0.252791 0.051075 0.696124
0.009488 0.172792 0.056107 0.761614
0.005212 0.248240 0.027049 0.719500
0.027334 0.265578 0.036877 0.670211
0.013455 0.217027 0.038140 0.731378
0.006683 0.235121 0.046727 0.711468
0.000010 0.238849 0.025657 0.735484
0.019274 0.187179 0.044472 0.749075
0.012533 0.208791 0.052381 0.726295
0.000010 0.229592 0.046143 0.724256
0.964689 0.018829 0.016472 0.000010
0.971113 0.028867 0.000010 0.000010
0.987327 0.000010 0.012653 0.000010
0.973172 0.026806 0.000012 0.000010
0.985755 0.014216 0.000019 0.000010
0.973921 0.009612 0.016458 0.000010
0.965192 0.031781 0.000010 0.003016
0.983693 0.016287 0.000010 0.000010
0.971384 0.028596 0.000010 0.000010
0.971894 0.028086 0.000010 0.000010
0.922974 0.039198 0.007374 0.030453
0.896505 0.072007 0.000229 0.031259
0.888591 0.078798 0.000010 0.032601
0.934328 0.012154 0.002906 0.050612
0.924104 0.044361 0.003402 0.028132
0.924220 0.044880 0.001654 0.029246
0.966495 0.033485 0.000010 0.000010
0.950628 0.026242 0.000010 0.023120
0.939054 0.000217 0.004289 0.056439
0.015559 0.200298 0.022165 0.761977
0.032175 0.189752 0.020606 0.757466
0.012781 0.147274 0.042262 0.797683
0.002957 0.139191 0.046157 0.811694
0.000010 0.142409 0.049476 0.808106
0.008748 0.189659 0.022759 0.778835
0.001588 0.141303 0.042014 0.815095
0.010325 0.168684 0.028679 0.792312
0.000565 0.170886 0.022896 0.805653
0.000010 0.184778 0.026194 0.789019
0.000010 0.165776 0.007471 0.826744
0.038088 0.123011 0.010603 0.828299
0.030876 0.146801 0.030294 0.792028
0.000010 0.190303 0.046952 0.762735
0.008905 0.165907 0.045187 0.780000
0.010707 0.161587 0.037842 0.789864
0.026309 0.198008 0.010070 0.765613
0.000010 0.196064 0.037260 0.766666
0.004738 0.146413 0.022036 0.826813
0.000010 0.278692 0.061169 0.660129
0.150802 0.586786 0.024197 0.238216
0.000010 0.225781 0.055188 0.719021
0.191196 0.568159 0.018656 0.221988
0.000010 0.308250 0.037745 0.653995
0.005938 0.371367 0.025912 0.596784
0.018098 0.284845 0.042502 0.654555
0.000010 0.309631 0.034276 0.656083
0.000010 0.243689 0.071489 0.684811
0.015912 0.301109 0.064581 0.618398
0.000010 0.276795 0.050772 0.672423
0.000010 0.288468 0.075990 0.635532
0.026615 0.270593 0.079294 0.623498
0.000717 0.275149 0.066128 0.658006
0.008877 0.320331 0.041187 0.629605
0.000010 0.257400 0.081899 0.660691
0.019316 0.272429 0.053694 0.654561
0.000010 0.326990 0.054979 0.618021
0.006680 0.334007 0.050020 0.609294
0.000010 0.312875 0.042356 0.644759
0.000010 0.265050 0.054586 0.680354
0.000010 0.273946 0.094485 0.631559
0.001853 0.277017 0.059328 0.661802
0.008327 0.277460 0.055022 0.659191
0.000010 0.233122 0.061519 0.705349
0.029918 0.251104 0.045756 0.673222
0.021797 0.383164 0.016387 0.578652
0.007534 0.296455 0.045340 0.650672
0.000010 0.300233 0.049686 0.650071
0.000010 0.246460 0.089465 0.664065
0.000010 0.288264 0.047138 0.664588
0.011717 0.267317 0.053718 0.667247
0.000010 0.305594 0.066261 0.628135
0.000010 0.313363 0.035977 0.650650
0.003030 0.288735 0.035858 0.672377
0.004289 0.259454 0.065673 0.670584
0.014687 0.249432 0.052036 0.683844
0.011090 0.253954 0.060170 0.674786
0.000010 0.294156 0.070312 0.635522
0.017102 0.258813 0.062882 0.661203
0.000010 0.289108 0.054123 0.656759
0.000010 0.295772 0.080778 0.623440
0.006163 0.270055 0.057690 0.666093
0.013246 0.290615 0.042905 0.653233
0.001978 0.283507 0.068307 0.646208
0.007137 0.177639 0.048935 0.766289
0.025391 0.188445 0.034185 0.751979
0.015351 0.165081 0.050688 0.768880
0.014506 0.135412 0.038362 0.811721
0.000010 0.124297 0.072287 0.803407
0.000010 0.181861 0.038807 0.779322
0.000355 0.195077 0.037555 0.767012
0.005010 0.175017 0.045125 0.774847
0.042721 0.137851 0.050515 0.768914
0.000010 0.184752 0.045738 0.769500
0.016645 0.170108 0.037581 0.775666
0.019936 0.205405 0.043030 0.731630
0.021806 0.163500 0.048555 0.766139
0.000010 0.175882 0.037569 0.786539
0.000010 0.137836 0.047354 0.814799
0.014277 0.132925 0.014184 0.838615
0.028657 0.125400 0.010235 0.835709
0.045007 0.148871 0.010349 0.795773
0.000547 0.149828 0.023470 0.826155
0.022710 0.155377 0.025382 0.796530
0.043642 0.105191 0.005086 0.846081
0.028672 0.149498 0.008167 0.813663
0.019811 0.121959 0.015626 0.842604
0.004006 0.159105 0.019573 0.817316
0.017968 0.129050 0.039216 0.813766
0.000893 0.134500 0.030041 0.834567
0.032102 0.114504 0.031972 0.821422
0.038552 0.164953 0.021489 0.775006
0.010416 0.158535 0.022720 0.808329
0.038265 0.137248 0.013962 0.810525
0.011185 0.199801 0.008293 0.780721
0.032341 0.142389 0.011348 0.813921
0.016726 0.120920 0.030184 0.832170
0.030364 0.152267 0.028646 0.788723
0.023731 0.068380 0.024286 0.883603
0.001351 0.134321 0.016745 0.847583
0.006340 0.240618 0.218884 0.534158
0.001887 0.247641 0.177567 0.572905
0.000010 0.230062 0.219938 0.549990
0.000010 0.200648 0.210509 0.588834
0.000010 0.226928 0.219042 0.554020
0.000010 0.177216 0.231341 0.591433
0.000010 0.266879 0.186924 0.546187
0.000010 0.178641 0.384430 0.436919
0.000010 0.213449 0.182054 0.604487
0.004762 0.226197 0.199304 0.569736
0.000010 0.181452 0.224662 0.593875
0.000010 0.177490 0.199660 0.622839
0.010947 0.140912 0.020798 0.827343
0.013721 0.166797 0.034514 0.784968
0.035456 0.161498 0.005751 0.797294
0.023574 0.161319 0.031868 0.783239
0.031730 0.109960 0.075174 0.783137
0.014959 0.160121 0.014689 0.810231
0.015327 0.125099 0.053437 0.806137
0.024310 0.104039 0.024676 0.846975
0.007071 0.084288 0.026642 0.881999
0.024221 0.167721 0.034124 0.773935
0.045789 0.140518 0.008835 0.804858
0.013010 0.153467 0.031481 0.802042
0.004601 0.147034 0.028907 0.819458
0.033554 0.090838 0.044149 0.831459
0.037816 0.157432 0.018651 0.786101
0.000010 0.132305 0.037691 0.829994
0.000010 0.133780 0.013157 0.853053
0.021710 0.173723 0.024622 0.779945
0.017489 0.139346 0.007039 0.836126
0.019618 0.141369 0.037873 0.801140
0.007934 0.165437 0.037896 0.788733
0.053400 0.089099 0.009640 0.847861
0.069521 0.044335 0.022086 0.864058
0.035470 0.026110 0.019868 0.918553
0.035884 0.064547 0.001158 0.898411
0.040976 0.082622 0.000010 0.876392
0.043278 0.083578 0.014465 0.858679
0.071089 0.046811 0.000356 0.881744
0.064353 0.032755 0.000010 0.902882
0.060621 0.015200 0.023767 0.900412
0.090665 0.000010 0.000010 0.909315
0.098998 0.001579 0.000010 0.899413
0.099674 0.013316 0.000010 0.886999
0.040459 0.049897 0.016141 0.893503
0.100367 0.070393 0.000010 0.829230
0.000010 0.143502 0.504256 0.352232
0.007690 0.138479 0.464559 0.389272
0.051881 0.101225 0.463748 0.383146
0.019447 0.157033 0.488741 0.334780
0.000010 0.093035 0.492395 0.414560
0.007263 0.113197 0.570680 0.308860
0.013094 0.165558 0.402859 0.418489
0.016470 0.056773 0.652094 0.274663
0.006381 0.084287 0.594583 0.314748
0.007722 0.094605 0.647065 0.250608
0.000010 0.142476 0.618973 0.238542
0.000010 0.081982 0.532074 0.385935
0.006978 0.104932 0.665872 0.222218
0.000010 0.045188 0.669142 0.285659
0.012443 0.118916 0.487268 0.381373
0.000010 0.175764 0.470968 0.353258
0.000010 0.140288 0.489193 0.370509
0.000010 0.184030 0.463183 0.352777
0.013044 0.157595 0.481597 0.347764
0.074371 0.025726 0.000010 0.899892
0.090940 0.037033 0.026772 0.845255
0.040433 0.037315 0.013611 0.908641
0.068705 0.031634 0.032592 0.867069
0.048828 0.054574 0.010805 0.885793
0.067360 0.056196 0.000514 0.875929
0.040885 0.046539 0.002467 0.910110
0.039294 0.051256 0.006079 0.903371
0.054060 0.018101 0.000010 0.927829
0.045571 0.007904 0.003592 0.942932
0.036861 0.041152 0.029676 0.892311
0.036580 0.059472 0.031284 0.872663
0.082906 0.027481 0.000010 0.889603
0.048577 0.075839 0.001329 0.874254
0.027190 0.034957 0.012123 0.925729
0.082774 0.031609 0.000010 0.885607
0.049090 0.039676 0.022459 0.888776
0.056372 0.045933 0.012401 0.885294
0.063481 0.042317 0.000010 0.894192
0.029042 0.086981 0.012861 0.871116
0.028243 0.041509 0.013015 0.917233
0.032451 0.079756 0.015589 0.872205
0.049798 0.062243 0.000010 0.887948
0.009422 0.070293 0.010128 0.910156
0.065097 0.078750 0.000010 0.856143
0.044161 0.011922 0.001753 0.942163
0.018577 0.059608 0.016166 0.905649
0.031101 0.038712 0.030246 0.899941
0.039456 0.028524 0.035949 0.896070
0.062649 0.025647 0.021583 0.890121
0.067220 0.023912 0.000010 0.908858
0.078733 0.000010 0.009020 0.912237
0.057758 0.045423 0.015393 0.881426
0.050278 0.043223 0.010258 0.896241
0.039551 0.036425 0.021900 0.902123
0.063278 0.058998 0.000010 0.877713
0.042658 0.084725 0.002127 0.870491
0.049096 0.026844 0.008091 0.915969
0.060094 0.035978 0.002132 0.901796
0.051751 0.022108 0.008747 0.917395
0.050673 0.029549 0.014342 0.905437
0.108088 0.026734 0.000010 0.865168
0.054244 0.041325 0.004040 0.900391
0.053321 0.042262 0.000010 0.904407
0.065352 0.001657 0.015724 0.917267
0.066400 0.025652 0.005272 0.902676
0.050176 0.048176 0.025180 0.876468
0.043061 0.025878 0.006046 0.925015
0.051979 0.033982 0.004821 0.909218
0.067161 0.000010 0.010809 0.922020
0.035891 0.056916 0.003979 0.903213
0.062653 0.023849 0.000010 0.913488
0.050941 0.026242 0.025740 0.897077
0.049860 0.021825 0.017493 0.910822
0.085606 0.026910 0.006130 0.881355
0.037228 0.049636 0.006802 0.906334
0.049539 0.015096 0.011718 0.923647
0.038370 0.077108 0.007923 0.876598
0.037870 0.031191 0.024374 0.906565
0.031733 0.040046 0.000010 0.928211
0.034216 0.089411 0.000010 0.876363
0.049073 0.077408 0.000010 0.873509
0.036301 0.022535 0.000010 0.941154
0.042769 0.058952 0.011403 0.886876
0.067916 0.026731 0.000010 0.905343
0.027782 0.037459 0.015022 0.919736
0.054078 0.040732 0.007036 0.898154
0.039895 0.056631 0.018437 0.885037
0.043381 0.062964 0.000010 0.893645
0.064241 0.054001 0.000010 0.881748
0.049653 0.060981 0.000010 0.889356
0.026696 0.057868 0.009689 0.905747
0.002237 0.079303 0.014003 0.904457
0.054568 0.060331 0.000010 0.885091
0.053899 0.046820 0.000032 0.899249
0.048307 0.052237 0.004705 0.894751
0.017060 0.061053 0.000010 0.921878
0.016579 0.000010 0.005928 0.977482
0.068743 0.047562 0.006201 0.877494
0.050549 0.056933 0.000010 0.892509
0.024788 0.009830 0.000010 0.965372
0.061490 0.070535 0.014098 0.853877
0.072232 0.014922 0.007797 0.905048
0.059159 0.019165 0.011355 0.910320
0.058549 0.033051 0.013806 0.894593
0.043794 0.037459 0.014927 0.903819
0.029283 0.028088 0.005948 0.936682
0.015373 0.083173 0.031334 0.870120
0.017744 0.075746 0.016944 0.889566
0.050681 0.006712 0.035565 0.907042
0.019647 0.063092 0.009432 0.907829
0.041861 0.039762 0.009769 0.908607
0.022136 0.042364 0.010623 0.924877
0.055467 0.010327 0.012210 0.921996
0.034352 0.069518 0.027530 0.868600
0.024769 0.082505 0.024543 0.868183
0.063130 0.051657 0.001652 0.883561
0.054878 0.009154 0.012205 0.923763
0.043492 0.059524 0.015179 0.881805
0.053773 0.057735 0.006422 0.882070
0.068278 0.032868 0.000010 0.898844
0.051154 0.067077 0.017500 0.864270
0.055868 0.086514 0.003598 0.854020
0.070460 0.000010 0.006729 0.922800
0.045495 0.026544 0.011865 0.916096
0.036202 0.045990 0.001218 0.916590
0.063116 0.000010 0.023120 0.913755
0.024214 0.021720 0.009445 0.944621
0.037021 0.045795 0.000205 0.916979
0.045260 0.097096 0.013457 0.844187
0.039508 0.064007 0.010871 0.885613
0.053255 0.032227 0.018502 0.896016
0.053888 0.000010 0.013381 0.932722
0.058656 0.043973 0.001572 0.895799
0.077419 0.039881 0.000010 0.882690
0.052642 0.057458 0.011026 0.878873
0.027063 0.123267 0.000010 0.849660
0.077515 0.036060 0.000010 0.886415
0.041321 0.043442 0.009158 0.906078
0.049590 0.000010 0.000010 0.950390
0.051486 0.065557 0.006716 0.876241
0.073566 0.020483 0.000010 0.905942
0.035515 0.062864 0.010640 0.890981
0.032347 0.048388 0.008854 0.910411
0.055350 0.021339 0.021233 0.902078
0.000010 0.339962 0.009925 0.650102
0.000010 0.347612 0.031533 0.620845
0.022878 0.326567 0.000010 0.650545
0.000010 0.319956 0.037638 0.642396
0.009906 0.335755 0.021012 0.633327
0.007195 0.375142 0.018543 0.599120
0.012634 0.337597 0.017095 0.632674
0.000010 0.332421 0.010520 0.657049
0.012858 0.380060 0.014850 0.592231
0.007880 0.382952 0.010607 0.598561
0.006311 0.335564 0.021803 0.636322
0.000010 0.391447 0.024704 0.583839
0.017073 0.370019 0.020897 0.592010
0.000010 0.328169 0.025522 0.646299
0.019467 0.351584 0.027862 0.601087
0.000010 0.356917 0.013573 0.629501
0.004663 0.379555 0.015974 0.599809
0.000010 0.337475 0.025855 0.636660
0.026797 0.350442 0.021377 0.601383
0.011443 0.361807 0.016280 0.610470
0.019181 0.344186 0.008004 0.628629
0.035983 0.312046 0.035353 0.616618
0.000010 0.415214 0.007549 0.577227
0.021532 0.264512 0.000010 0.713946
0.008914 0.409017 0.000010 0.582059
0.024471 0.402490 0.000010 0.573029
0.000010 0.418235 0.014439 0.567316
0.028024 0.345543 0.021633 0.604800
0.031391 0.281166 0.023705 0.663738
0.058616 0.036531 0.014629 0.890224
0.079450 0.015029 0.000010 0.905511
0.033834 0.059363 0.006506 0.900297
0.056751 0.014387 0.008402 0.920460
0.044450 0.000010 0.027618 0.927922
0.051742 0.030487 0.008345 0.909426
0.049093 0.065938 0.009223 0.875746
0.060342 0.056499 0.008474 0.874685
0.023226 0.052234 0.017508 0.907032
0.027273 0.083359 0.011367 0.878001
0.064936 0.046377 0.000010 0.888676
0.053243 0.058438 0.007923 0.880397
0.048742 0.040679 0.012649 0.897930
0.036079 0.068422 0.001447 0.894052
0.058288 0.057265 0.005560 0.878887
0.052302 0.069436 0.013758 0.864504
0.054167 0.016500 0.008288 0.921045
0.055376 0.039114 0.022525 0.882986
0.083844 0.071394 0.000435 0.844327
0.050512 0.062333 0.005999 0.881156
0.049708 0.035356 0.006633 0.908303
0.062672 0.059813 0.000010 0.877505
0.054264 0.079629 0.000010 0.866097
0.064837 0.029745 0.002680 0.902737
0.039553 0.053095 0.009604 0.897749
0.031114 0.000010 0.047592 0.921284
0.051394 0.060825 0.000010 0.887771
0.074914 0.000010 0.018705 0.906371
0.020780 0.087105 0.000624 0.891492
0.065526 0.000010 0.000010 0.934454
0.046305 0.030346 0.004058 0.919291
0.062417 0.035545 0.017688 0.884350
0.044530 0.076283 0.000010 0.879178
0.067696 0.060009 0.009551 0.862743
0.180805 0.658917 0.005809 0.154469
0.199919 0.706863 0.000010 0.093209
0.199008 0.792763 0.006935 0.001294
0.192690 0.794037 0.013263 0.000010
0.157241 0.622145 0.008146 0.212468
0.181344 0.812610 0.000010 0.006036
0.211331 0.684147 0.015920 0.088602
0.220192 0.772636 0.007162 0.000010
0.163939 0.675305 0.015073 0.145683
0.172192 0.788507 0.002198 0.037104
0.140641 0.632576 0.003875 0.222909
0.190424 0.809556 0.000010 0.000010
0.168622 0.788730 0.021883 0.020765
0.166149 0.622917 0.000010 0.210923
0.202970 0.770750 0.026269 0.000010
0.189989 0.694879 0.027739 0.087393
0.182513 0.804387 0.013090 0.000010
0.187999 0.767903 0.010435 0.033663
0.157199 0.591704 0.015241 0.235856
0.218226 0.769944 0.011820 0.000010
0.149575 0.667377 0.000010 0.183038
0.187433 0.627543 0.001180 0.183844
0.202984 0.792841 0.000010 0.004165
0.160133 0.809676 0.007549 0.022642
0.192009 0.787616 0.000010 0.020365
0.168679 0.788534 0.021104 0.021683
0.217221 0.668591 0.000010 0.114178
0.106735 0.700699 0.026702 0.165864
0.189457 0.718314 0.014105 0.078124
0.215149 0.784485 0.000356 0.000010
0.175758 0.685156 0.000010 0.139076
0.172851 0.767950 0.007333 0.051866
0.210559 0.789421 0.000010 0.000010
0.171621 0.794024 0.022996 0.011359
0.174523 0.654973 0.007833 0.162671
0.188444 0.795878 0.006499 0.009179
0.189149 0.688677 0.000010 0.122164
0.196840 0.727639 0.009390 0.066131
0.221429 0.770113 0.008448 0.000010
0.243109 0.727789 0.014368 0.014734
0.154866 0.621570 0.017620 0.205944
0.203143 0.740547 0.010885 0.045425
0.184741 0.647712 0.008052 0.159495
0.184916 0.741090 0.000010 0.073983
0.234158 0.745401 0.007570 0.012871
0.193799 0.716745 0.012184 0.077271
0.157571 0.587342 0.000010 0.255077
0.188914 0.733175 0.021305 0.056606
0.251551 0.680888 0.024238 0.043323
0.187389 0.622789 0.011161 0.178661
0.234223 0.716692 0.027875 0.021210
0.144236 0.645629 0.025738 0.184397
0.211752 0.729274 0.033579 0.025395
0.200338 0.783751 0.015901 0.000010
0.196660 0.767607 0.013884 0.021849
0.225290 0.774690 0.000010 0.000010
0.197751 0.779264 0.008532 0.014452
0.177393 0.807684 0.014913 0.000010
0.174191 0.805944 0.019855 0.000010
0.211456 0.688650 0.010773 0.089121
0.205453 0.794527 0.000010 0.000010
0.203500 0.777191 0.019299 0.000010
0.188880 0.753500 0.031554 0.026066
0.191154 0.744804 0.015290 0.048753
0.196437 0.788589 0.004857 0.010117
0.159979 0.794943 0.000010 0.045068
0.200387 0.793084 0.006519 0.000010
0.208664 0.730006 0.005571 0.055759
0.191016 0.808964 0.000010 0.000010
0.211855 0.781153 0.006043 0.000949
0.227441 0.769902 0.002647 0.000010
0.228655 0.702953 0.000156 0.068237
0.200207 0.799773 0.000010 0.000010
0.160152 0.839828 0.000010 0.000010
0.172583 0.645677 0.002976 0.178764
0.170985 0.821390 0.000010 0.007615
0.205464 0.786027 0.007930 0.000579
0.234327 0.765653 0.000010 0.000010
0.180356 0.819624 0.000010 0.000010
0.223350 0.774377 0.002263 0.000010
0.173557 0.816780 0.002015 0.007649
0.200602 0.742328 0.000646 0.056425
0.199698 0.785077 0.015215 0.000010
0.199653 0.796029 0.004309 0.000010
0.159766 0.806996 0.017002 0.016236
0.210825 0.675745 0.018133 0.095296
0.215721 0.780475 0.003795 0.000010
0.180055 0.819925 0.000010 0.000010
0.222726 0.777254 0.000010 0.000010
0.201972 0.777746 0.017220 0.003062
0.200527 0.772166 0.000010 0.027297
0.204004 0.795976 0.000010 0.000010
0.199291 0.787507 0.013193 0.000010
0.193094 0.766972 0.014579 0.025355
0.201569 0.768047 0.014915 0.015469
0.195709 0.794026 0.008144 0.002122
0.207065 0.766687 0.026238 0.000010
0.182409 0.808240 0.009341 0.000010
0.187714 0.804108 0.008168 0.000010
0.182097 0.811828 0.006065 0.000010
0.205837 0.793600 0.000553 0.000010
0.202756 0.790577 0.000010 0.006657
0.204960 0.795020 0.000010 0.000010
0.226174 0.769128 0.002062 0.002635
0.022888 0.125891 0.031110 0.820111
0.000010 0.181133 0.019795 0.799062
0.018192 0.183225 0.027060 0.771522
0.032454 0.114272 0.018596 0.834678
0.011931 0.176215 0.004559 0.807295
0.017462 0.120268 0.009104 0.853167
0.043341 0.117156 0.020883 0.818621
0.030400 0.134667 0.010155 0.824779
0.005069 0.112990 0.023107 0.858835
0.012968 0.154086 0.046632 0.786314
0.000010 0.214167 0.013750 0.772073
0.008103 0.108449 0.034409 0.849039
0.027614 0.113264 0.015079 0.844043
0.012464 0.142204 0.017655 0.827676
0.030339 0.095121 0.016040 0.858500
0.022120 0.100384 0.032939 0.844557
0.035053 0.152475 0.039383 0.773088
0.000010 0.242609 0.000010 0.757371
0.012814 0.122930 0.014150 0.850106
0.028687 0.086188 0.016129 0.868996
0.026301 0.221489 0.009715 0.742495
0.024575 0.134718 0.016772 0.823936
0.000010 0.228429 0.032040 0.739521
0.031722 0.200792 0.004240 0.763247
0.032976 0.130146 0.026187 0.810691
0.010417 0.145077 0.035814 0.808692
0.033095 0.143873 0.007326 0.815705
0.008239 0.144328 0.026071 0.821362
0.033474 0.130051 0.003141 0.833334
