0.180150 0.610176 0.025737 0.096734 0.087203
0.140790 0.602238 0.026045 0.162894 0.068033
0.110366 0.606859 0.021640 0.123283 0.137852
0.143086 0.261359 0.021708 0.263065 0.310783
0.098601 0.304864 0.000010 0.253335 0.343191
0.187140 0.231941 0.000136 0.281847 0.298935
0.054998 0.305558 0.000010 0.222383 0.417051
0.118921 0.263975 0.007553 0.271546 0.338005
0.098636 0.308673 0.013241 0.318828 0.260622
0.113897 0.217842 0.027940 0.301202 0.339119
0.003425 0.301117 0.028893 0.274248 0.392317
0.048767 0.275288 0.003614 0.237617 0.434714
0.094413 0.293009 0.037195 0.301846 0.273537
0.113768 0.273690 0.010407 0.183770 0.418364
0.025876 0.281564 0.017871 0.379655 0.295034
0.061394 0.251779 0.000010 0.362731 0.324086
0.068690 0.231298 0.003725 0.323809 0.372478
0.065850 0.239614 0.033829 0.319639 0.341068
0.104732 0.325533 0.026411 0.268023 0.275300
0.185236 0.231779 0.010219 0.341152 0.231614
0.091617 0.280675 0.018342 0.262411 0.346956
0.022755 0.311742 0.011693 0.390184 0.263627
0.036550 0.301874 0.014273 0.291700 0.355603
0.115897 0.247583 0.018408 0.318635 0.299477
0.029424 0.267958 0.006123 0.332743 0.363752
0.071392 0.271512 0.013915 0.347165 0.296016
0.166212 0.236293 0.023880 0.310984 0.262631
0.089212 0.241489 0.000010 0.428315 0.240974
0.121455 0.265653 0.011763 0.340857 0.260272
0.146670 0.221472 0.005929 0.395658 0.230271
0.077689 0.270911 0.013252 0.295096 0.343052
0.012891 0.209823 0.015932 0.383816 0.377539
0.040750 0.235737 0.005222 0.332650 0.385642
0.039031 0.315998 0.011128 0.224563 0.409280
0.127656 0.282665 0.002870 0.345406 0.241403
0.146509 0.295066 0.013909 0.308927 0.235590
0.146096 0.250400 0.000010 0.353001 0.250493
0.148674 0.208310 0.009938 0.201375 0.431703
0.180995 0.559355 0.013169 0.216050 0.030430
0.082031 0.641330 0.010384 0.188743 0.077511
0.046603 0.617296 0.036341 0.190346 0.109414
0.122157 0.588355 0.030345 0.206923 0.052220
0.124043 0.582121 0.018985 0.229235 0.045615
0.118168 0.583137 0.016269 0.167307 0.115120
0.151850 0.595831 0.000010 0.206339 0.045970
0.100257 0.483080 0.007134 0.297331 0.112198
0.123748 0.628247 0.015536 0.174854 0.057614
0.234506 0.563870 0.029206 0.110100 0.062318
0.077593 0.611454 0.038488 0.166914 0.105551
0.137477 0.560456 0.016954 0.194506 0.090606
0.109870 0.627976 0.023864 0.186341 0.051949
0.035459 0.658910 0.000010 0.185971 0.119650
0.101035 0.593763 0.025885 0.230186 0.049132
0.082591 0.642268 0.039039 0.179637 0.056466
0.008154 0.223550 0.023100 0.360849 0.384349
0.032565 0.272875 0.016082 0.319737 0.358741
0.000010 0.286116 0.040314 0.317940 0.355619
0.095143 0.271179 0.026515 0.309693 0.297470
0.160283 0.309091 0.011708 0.347034 0.171883
0.000010 0.311891 0.002796 0.349157 0.336147
0.008357 0.328198 0.000010 0.283897 0.379538
0.093479 0.276359 0.020530 0.325025 0.284608
0.052151 0.268517 0.000010 0.286773 0.392549
0.046199 0.344985 0.010371 0.244232 0.354213
0.014943 0.299765 0.012729 0.343048 0.329516
0.063950 0.302815 0.000010 0.320040 0.313184
0.124269 0.233303 0.019421 0.273298 0.349710
0.040084 0.213554 0.025776 0.364111 0.356475
0.085009 0.323321 0.006068 0.277441 0.308161
0.034631 0.293955 0.033786 0.350084 0.287544
0.058594 0.274900 0.008444 0.310156 0.347907
0.117958 0.298199 0.006955 0.341184 0.235705
0.051880 0.308175 0.029798 0.261413 0.348734
0.039973 0.259867 0.007541 0.321217 0.371401
0.074795 0.271139 0.018733 0.231558 0.403776
0.101926 0.318363 0.004751 0.310737 0.264224
0.070266 0.256666 0.023421 0.336660 0.312987
0.025881 0.268356 0.011397 0.293315 0.401051
0.154213 0.271641 0.005109 0.345135 0.223901
0.000010 0.212381 0.008874 0.357528 0.421207
0.039114 0.324758 0.022700 0.349390 0.264038
0.161258 0.275561 0.000010 0.312676 0.250495
0.028883 0.251095 0.027626 0.349673 0.342723
0.081505 0.250709 0.002345 0.258464 0.406976
0.147238 0.473832 0.010279 0.041721 0.326929
0.172123 0.550680 0.010453 0.008350 0.258394
0.218321 0.431992 0.006706 0.025442 0.317539
0.104386 0.556273 0.005979 0.082430 0.250932
0.189758 0.475750 0.000010 0.075171 0.259311
0.178431 0.463102 0.000010 0.023414 0.335043
0.205541 0.506987 0.024989 0.018670 0.243814
0.126901 0.510282 0.000010 0.068216 0.294590
0.121911 0.577897 0.006766 0.028972 0.264453
0.070831 0.521750 0.012019 0.168865 0.226534
0.241207 0.382823 0.021931 0.055314 0.298725
0.164316 0.424662 0.017366 0.070937 0.322719
0.131962 0.494684 0.001782 0.089398 0.282174
0.126334 0.518056 0.009307 0.054930 0.291373
0.144714 0.420249 0.011230 0.058104 0.365703
0.154361 0.497091 0.014667 0.081849 0.252031
0.129496 0.542252 0.006329 0.108691 0.213232
0.063658 0.547070 0.054994 0.118452 0.215825
0.109725 0.511209 0.056382 0.118274 0.204410
0.119288 0.507647 0.041888 0.218301 0.112876
0.126819 0.512148 0.040590 0.092096 0.228347
0.145201 0.558043 0.044353 0.112583 0.139820
0.176422 0.530992 0.021018 0.097483 0.174086
0.145383 0.487246 0.057716 0.109439 0.200216
0.180795 0.481279 0.047204 0.117642 0.173080
0.169032 0.520656 0.038395 0.084495 0.187422
0.092485 0.510746 0.067935 0.099165 0.229669
0.146476 0.492675 0.009295 0.121487 0.230066
0.223988 0.465496 0.039101 0.127589 0.143826
0.143653 0.488471 0.042182 0.124247 0.201447
0.183527 0.447404 0.064832 0.174750 0.129487
0.035278 0.647832 0.051970 0.189768 0.075153
0.121759 0.601115 0.018428 0.188812 0.069886
0.152924 0.551392 0.017926 0.217499 0.060260
0.109422 0.000010 0.014580 0.590368 0.285619
0.134780 0.009554 0.028998 0.635216 0.191452
0.143754 0.000010 0.006581 0.620053 0.229602
0.109469 0.003725 0.036209 0.649946 0.200651
0.077706 0.000010 0.001114 0.592151 0.329018
0.148145 0.000010 0.033427 0.632391 0.186026
0.048966 0.041056 0.010653 0.622388 0.276936
0.163029 0.002288 0.004247 0.590991 0.239445
0.085705 0.000010 0.000010 0.604776 0.309499
0.103956 0.014459 0.008407 0.673511 0.199668
0.040647 0.000010 0.025176 0.672714 0.261454
0.131194 0.024240 0.000010 0.589041 0.255516
0.124344 0.000010 0.000010 0.643504 0.232132
0.086465 0.024413 0.018123 0.682968 0.188031
0.116286 0.040309 0.000010 0.599521 0.243874
0.015709 0.031212 0.015207 0.655761 0.282111
0.067671 0.000010 0.003722 0.597801 0.330796
0.111643 0.001811 0.036611 0.566584 0.283351
0.116892 0.000010 0.000010 0.619337 0.263751
0.044195 0.002272 0.000010 0.643525 0.309999
0.009346 0.000010 0.000010 0.619311 0.371323
0.148710 0.000010 0.000010 0.642334 0.208936
0.000010 0.000010 0.000010 0.615530 0.384440
0.108018 0.250396 0.016555 0.555311 0.069720
0.067062 0.309148 0.000010 0.505265 0.118516
0.071580 0.251655 0.000010 0.563115 0.113640
0.067748 0.221062 0.016882 0.585572 0.108736
0.086648 0.272460 0.000242 0.496755 0.143895
0.000010 0.328754 0.011181 0.549897 0.110158
0.000010 0.267318 0.017171 0.534333 0.181167
0.065229 0.236281 0.000010 0.540703 0.157777
0.099676 0.283628 0.006493 0.554883 0.055319
0.045932 0.243218 0.006160 0.566724 0.137966
0.025531 0.377958 0.000010 0.539286 0.057215
0.159591 0.258372 0.003746 0.501605 0.076686
0.022172 0.266541 0.016176 0.592156 0.102955
0.071467 0.252587 0.006767 0.509046 0.160133
0.048612 0.264873 0.026949 0.209317 0.450249
0.107022 0.260283 0.000828 0.193932 0.437936
0.088611 0.303838 0.027625 0.202419 0.377507
0.061422 0.265309 0.026049 0.184614 0.462605
0.109484 0.329908 0.018224 0.189080 0.353305
0.058476 0.248894 0.016428 0.258271 0.417931
0.157815 0.248149 0.023288 0.149875 0.420872
0.026469 0.335374 0.022795 0.244473 0.370890
0.108612 0.259477 0.032903 0.205776 0.393232
0.044753 0.246926 0.012966 0.264405 0.430950
0.127695 0.214761 0.026844 0.302649 0.328050
0.121219 0.239649 0.034172 0.224358 0.380603
0.137434 0.287979 0.000010 0.252606 0.321972
0.124316 0.261518 0.045517 0.212927 0.355722
0.167447 0.208551 0.012860 0.247555 0.363588
0.042488 0.326375 0.029606 0.221004 0.380528
0.205245 0.169215 0.016519 0.197546 0.411475
0.105886 0.271866 0.015885 0.274593 0.331770
0.082832 0.188838 0.013312 0.332051 0.382967
0.090887 0.255320 0.011861 0.342101 0.299831
0.051560 0.258742 0.004475 0.330634 0.354589
0.007754 0.312966 0.043015 0.288329 0.347936
0.037799 0.294508 0.000010 0.304055 0.363628
0.000010 0.308910 0.019584 0.291664 0.379832
0.022565 0.347717 0.016270 0.318806 0.294642
0.089907 0.267583 0.038881 0.306605 0.297024
0.059501 0.301838 0.004831 0.267885 0.365945
0.059382 0.259703 0.019561 0.305906 0.355448
0.107195 0.263572 0.009476 0.331954 0.287803
0.103497 0.217305 0.018748 0.344126 0.316324
0.021267 0.271598 0.007505 0.363506 0.336124
0.000010 0.329114 0.015065 0.345723 0.310088
0.023103 0.279437 0.004304 0.323355 0.369801
0.081494 0.251524 0.018637 0.604504 0.043841
0.057220 0.218279 0.003363 0.631066 0.090072
0.030513 0.271396 0.000010 0.614747 0.083334
0.005290 0.307954 0.009780 0.461884 0.215092
0.097747 0.241602 0.028450 0.572264 0.059937
0.041921 0.278624 0.009672 0.601547 0.068236
0.097093 0.190435 0.031396 0.599721 0.081355
0.090556 0.306368 0.000010 0.470532 0.132535
0.067218 0.235409 0.000010 0.616739 0.080624
0.080088 0.224564 0.012500 0.528264 0.154584
0.009423 0.330557 0.000010 0.562051 0.097959
0.000010 0.300990 0.000010 0.523168 0.175822
0.101649 0.246667 0.001248 0.569814 0.080621
0.104374 0.258889 0.000010 0.538915 0.097812
0.075800 0.315327 0.017469 0.577236 0.014167
0.023762 0.253928 0.013060 0.559310 0.149939
0.031180 0.286587 0.009515 0.601038 0.071680
0.094248 0.275620 0.010753 0.594787 0.024591
0.031137 0.284039 0.017202 0.625897 0.041724
0.010356 0.284915 0.007546 0.546378 0.150806
0.055394 0.257082 0.019849 0.564614 0.103060
0.095460 0.233016 0.037196 0.622199 0.012129
0.061764 0.273189 0.000010 0.358801 0.306236
0.059630 0.274157 0.024638 0.531782 0.109793
0.054021 0.292788 0.007505 0.460251 0.185435
0.045479 0.300034 0.012041 0.580788 0.061658
0.091730 0.271724 0.021474 0.615062 0.000010
0.102101 0.245685 0.003370 0.614881 0.033962
0.041473 0.187960 0.013882 0.597964 0.158721
0.063786 0.325193 0.026133 0.576888 0.008000
0.101164 0.279295 0.012043 0.535775 0.071723
0.080699 0.253532 0.008220 0.497453 0.160094
0.059043 0.265397 0.026122 0.531401 0.118037
0.073630 0.317768 0.000010 0.526621 0.081971
0.145338 0.192655 0.001985 0.582309 0.077713
0.051540 0.326880 0.016045 0.515154 0.090381
0.075714 0.261720 0.012671 0.503727 0.146167
0.000010 0.324570 0.014426 0.542617 0.118377
0.051292 0.288573 0.000010 0.613718 0.046407
0.047702 0.248968 0.000010 0.529775 0.173546
0.099684 0.253119 0.000010 0.590850 0.056337
0.024326 0.288973 0.000010 0.555787 0.130905
0.000010 0.307630 0.006808 0.587158 0.098394
0.013126 0.308586 0.007073 0.126116 0.545100
0.000010 0.312082 0.020112 0.183503 0.484293
0.028408 0.237279 0.014002 0.216306 0.504005
0.063356 0.270221 0.025138 0.216053 0.425232
0.087352 0.210319 0.024123 0.151326 0.526880
0.005392 0.301597 0.007408 0.163770 0.521833
0.012487 0.234507 0.017323 0.125359 0.610324
0.000010 0.296509 0.014338 0.199405 0.489737
0.000010 0.286320 0.010495 0.187289 0.515887
0.027195 0.255031 0.001112 0.245665 0.470996
0.000010 0.320122 0.000010 0.122999 0.556859
0.000010 0.292183 0.000010 0.209472 0.498325
0.021585 0.263611 0.021191 0.239973 0.453639
0.000010 0.323084 0.023790 0.160047 0.493069
0.122484 0.233292 0.014957 0.166293 0.462973
0.051075 0.341446 0.019647 0.240143 0.347689
0.072080 0.345815 0.001325 0.272362 0.308419
0.000010 0.316972 0.024988 0.136495 0.521536
0.018516 0.310766 0.000661 0.226059 0.443998
0.309876 0.293105 0.043364 0.049364 0.304291
0.168004 0.604732 0.094325 0.082261 0.050678
0.251573 0.292276 0.021600 0.037123 0.397427
0.093298 0.655478 0.107660 0.054538 0.089025
0.559418 0.201344 0.007267 0.076092 0.155879
0.993913 0.006057 0.000010 0.000010 0.000010
0.609294 0.160304 0.031144 0.042088 0.157171
0.740747 0.153895 0.000010 0.020115 0.085233
0.571658 0.127377 0.044222 0.128634 0.128110
0.208020 0.369369 0.050114 0.000010 0.372487
0.585057 0.175195 0.024426 0.037910 0.177412
0.779939 0.093813 0.042223 0.015957 0.068068
0.287222 0.257938 0.057777 0.022945 0.374118
0.999960 0.000010 0.000010 0.000010 0.000010
0.932043 0.034893 0.000010 0.033043 0.000010
0.378525 0.241911 0.053253 0.025536 0.300774
0.585140 0.147544 0.037953 0.041184 0.188179
0.690770 0.161436 0.023495 0.000010 0.124289
0.676247 0.119922 0.021337 0.000010 0.182483
0.933433 0.005710 0.000010 0.000010 0.060837
0.999960 0.000010 0.000010 0.000010 0.000010
0.184883 0.274985 0.084196 0.035060 0.420876
0.835541 0.048376 0.003998 0.021743 0.090342
0.440722 0.231600 0.037371 0.078946 0.211361
0.117067 0.335982 0.043730 0.042096 0.461124
0.422803 0.232950 0.029766 0.057959 0.256523
0.999960 0.000010 0.000010 0.000010 0.000010
0.347963 0.265516 0.025873 0.018591 0.342057
0.995812 0.004158 0.000010 0.000010 0.000010
0.366767 0.216457 0.065953 0.069197 0.281626
0.459062 0.235958 0.010073 0.000010 0.294897
0.141158 0.375345 0.041443 0.050753 0.391302
0.871941 0.074087 0.030624 0.000010 0.023339
0.999960 0.000010 0.000010 0.000010 0.000010
0.838864 0.062583 0.000010 0.000010 0.098532
0.457958 0.225909 0.043880 0.049750 0.222503
0.648999 0.102507 0.025897 0.144635 0.077962
0.207090 0.353940 0.039361 0.054836 0.344774
0.471798 0.203560 0.038516 0.000010 0.286116
0.723591 0.132449 0.019480 0.044252 0.080228
0.219649 0.327264 0.035294 0.019850 0.397943
0.546569 0.190336 0.046567 0.000010 0.216518
0.230316 0.267151 0.043628 0.066969 0.391936
0.946783 0.000010 0.000010 0.033621 0.019576
0.438493 0.171903 0.042955 0.026523 0.320125
0.094689 0.243597 0.037679 0.275637 0.348398
0.067713 0.315457 0.028750 0.192920 0.395160
0.107583 0.232913 0.028177 0.198167 0.433160
0.136996 0.253583 0.014164 0.227711 0.367546
0.203371 0.186320 0.058303 0.212802 0.339203
0.086498 0.264810 0.021219 0.247480 0.379994
0.173093 0.251605 0.018936 0.198808 0.357557
0.071601 0.305998 0.034587 0.236134 0.351679
0.113392 0.274374 0.037196 0.278488 0.296549
0.113779 0.333908 0.016035 0.202112 0.334166
0.065415 0.221788 0.037843 0.292000 0.382955
0.071504 0.304182 0.030011 0.280835 0.313469
0.127541 0.232849 0.031223 0.208831 0.399557
0.033510 0.237143 0.014795 0.212358 0.502193
0.072014 0.246878 0.013187 0.208357 0.459564
0.010731 0.347963 0.000432 0.243098 0.397777
0.000010 0.371073 0.000395 0.297478 0.331044
0.086267 0.308529 0.004042 0.295779 0.305383
0.004567 0.333800 0.000010 0.290683 0.370940
0.047753 0.292118 0.024589 0.312763 0.322777
0.022800 0.268251 0.004932 0.343516 0.360501
0.111072 0.225058 0.000010 0.363360 0.300500
0.000010 0.256776 0.002816 0.296036 0.444362
0.119160 0.277391 0.018412 0.333496 0.251541
0.000010 0.298014 0.032185 0.296727 0.373064
0.000010 0.314640 0.009745 0.297929 0.377676
0.058658 0.216294 0.026721 0.313673 0.384653
0.097814 0.348484 0.013166 0.266228 0.274306
0.071921 0.322772 0.000010 0.231438 0.373858
0.025429 0.295335 0.006032 0.303030 0.370174
0.036420 0.316303 0.000010 0.248658 0.398609
0.093884 0.286651 0.002419 0.252965 0.364081
0.085545 0.250545 0.000010 0.294484 0.369416
0.010702 0.300660 0.028832 0.309293 0.350513
0.000010 0.239368 0.000010 0.328998 0.431614
0.072059 0.265317 0.004475 0.293841 0.364308
0.037751 0.311333 0.000010 0.319122 0.331783
0.099449 0.343794 0.020194 0.309425 0.227137
0.071522 0.302732 0.003526 0.319889 0.302332
0.151022 0.263759 0.017754 0.275413 0.292052
0.095848 0.226962 0.066171 0.314707 0.296311
0.069288 0.258047 0.004631 0.318950 0.349085
0.088666 0.222215 0.034426 0.299871 0.354822
0.000010 0.283704 0.021104 0.402451 0.292731
0.045956 0.297861 0.002468 0.335005 0.318710
0.065728 0.301559 0.034521 0.303659 0.294532
0.079513 0.247155 0.005945 0.308767 0.358619
0.119994 0.258030 0.012734 0.308272 0.300971
0.045711 0.324666 0.009778 0.330384 0.289461
0.075293 0.231299 0.030580 0.311798 0.351030
0.024666 0.331734 0.010734 0.308150 0.324716
0.046980 0.256634 0.019069 0.323412 0.353905
0.113697 0.202914 0.000010 0.354952 0.328427
0.094114 0.352523 0.016848 0.331882 0.204632
0.070287 0.288077 0.000010 0.336090 0.305536
0.126737 0.259946 0.025559 0.337899 0.249859
0.045341 0.290546 0.038015 0.322360 0.303738
0.051206 0.263127 0.001095 0.424588 0.259983
0.047736 0.215382 0.016727 0.635876 0.084279
0.018006 0.162109 0.035247 0.546669 0.237968
0.132475 0.132059 0.009243 0.571653 0.154570
0.039923 0.267233 0.001159 0.549359 0.142326
0.078011 0.232928 0.011037 0.626454 0.051570
0.098346 0.167076 0.003281 0.563023 0.168275
0.000010 0.193110 0.007511 0.604313 0.195056
0.026402 0.173932 0.000010 0.635720 0.163936
0.111977 0.171970 0.025852 0.613952 0.076249
0.040391 0.252124 0.029541 0.482987 0.194957
0.118026 0.149905 0.006068 0.566853 0.159148
0.048183 0.218837 0.003183 0.477812 0.251985
0.085550 0.178321 0.002024 0.589624 0.144481
0.060494 0.250845 0.000010 0.586886 0.101764
0.000010 0.225876 0.014540 0.512334 0.247240
0.103642 0.239903 0.017274 0.581892 0.057289
0.073652 0.166576 0.006570 0.639304 0.113899
0.082515 0.195082 0.010793 0.565982 0.145629
0.210634 0.107236 0.002596 0.530499 0.149035
0.167112 0.131320 0.016091 0.569549 0.115928
0.116134 0.247532 0.000010 0.635980 0.000343
0.020710 0.221131 0.005300 0.601791 0.151068
0.017937 0.288358 0.018759 0.596038 0.078908
0.075382 0.145948 0.000010 0.559332 0.219328
0.015085 0.153509 0.011698 0.472881 0.346828
0.068570 0.214055 0.027994 0.516145 0.173236
0.014609 0.195530 0.040643 0.522397 0.226821
0.105217 0.565296 0.006471 0.124891 0.198125
0.133690 0.552263 0.016089 0.000010 0.297948
0.107891 0.558477 0.000010 0.114645 0.218978
0.071290 0.579756 0.029383 0.074519 0.245052
0.117150 0.601873 0.000055 0.052058 0.228864
0.112181 0.603215 0.009655 0.021226 0.253723
0.135198 0.587599 0.000010 0.055450 0.221743
0.080657 0.570720 0.004050 0.082894 0.261679
0.094138 0.669920 0.012270 0.097287 0.126385
0.120729 0.595832 0.000010 0.087220 0.196210
0.174181 0.525907 0.005904 0.067514 0.226494
0.082385 0.665938 0.014446 0.060834 0.176397
0.068725 0.602375 0.028105 0.043347 0.257448
0.193086 0.541877 0.009198 0.034391 0.221448
0.164466 0.605274 0.017062 0.076207 0.136991
0.057110 0.635490 0.003579 0.092569 0.211252
0.102944 0.652582 0.018630 0.066538 0.159306
0.174943 0.584644 0.012584 0.076210 0.151619
0.051663 0.619738 0.021371 0.070991 0.236237
0.036010 0.621738 0.003930 0.025562 0.312761
0.118159 0.666045 0.010777 0.119572 0.085448
0.209897 0.564757 0.030572 0.130992 0.063782
0.171806 0.689088 0.000010 0.000010 0.139085
0.089745 0.544998 0.000010 0.238260 0.126987
0.156997 0.630242 0.000010 0.051015 0.161737
0.078291 0.690455 0.000010 0.079404 0.151840
0.137245 0.666637 0.000010 0.000010 0.196098
0.163286 0.631825 0.004497 0.028064 0.172327
0.000010 0.632413 0.023961 0.206679 0.136938
0.110973 0.214535 0.016026 0.582824 0.075642
0.064247 0.262443 0.010728 0.662571 0.000010
0.040830 0.283287 0.005263 0.623347 0.047274
0.111582 0.174374 0.015541 0.623762 0.074741
0.069906 0.209185 0.027573 0.637600 0.055736
0.052921 0.276102 0.006916 0.664051 0.000010
0.041545 0.265289 0.013714 0.616572 0.062880
0.066802 0.238400 0.028183 0.666605 0.000010
0.041342 0.258328 0.007576 0.563216 0.129539
0.075257 0.255578 0.017166 0.645008 0.006991
0.068397 0.281132 0.000010 0.650451 0.000010
0.028838 0.266194 0.014011 0.618196 0.072760
0.067252 0.228865 0.021055 0.682818 0.000010
0.057172 0.268961 0.003010 0.670846 0.000010
0.054599 0.252848 0.015246 0.677297 0.000010
0.084304 0.257997 0.020761 0.598545 0.038393
0.073020 0.225919 0.018727 0.682325 0.000010
0.052278 0.238276 0.039480 0.626915 0.043051
0.099608 0.268110 0.014106 0.618166 0.000010
0.047622 0.291242 0.014255 0.646870 0.000010
0.050426 0.232636 0.012698 0.704231 0.000010
0.124812 0.227056 0.000010 0.648112 0.000010
0.086770 0.217425 0.010655 0.575160 0.109989
0.044576 0.233432 0.023017 0.625001 0.073974
0.087144 0.201973 0.015770 0.666462 0.028651
0.027300 0.241922 0.037478 0.616302 0.076998
0.057212 0.269704 0.002985 0.670090 0.000010
0.028774 0.217698 0.030542 0.642759 0.080227
0.000010 0.204436 0.008027 0.558000 0.229528
0.089272 0.184231 0.002786 0.723701 0.000010
0.051207 0.263791 0.008414 0.676578 0.000010
0.062124 0.212444 0.028039 0.639229 0.058162
0.129464 0.226482 0.000010 0.561516 0.082529
0.032202 0.325389 0.020300 0.547434 0.074676
0.045068 0.277552 0.018760 0.279403 0.379217
0.058645 0.290304 0.002079 0.211310 0.437661
0.129077 0.285536 0.023440 0.299924 0.262022
0.072108 0.294528 0.003861 0.324680 0.304822
0.048314 0.309320 0.000010 0.339772 0.302584
0.000010 0.286051 0.002816 0.353056 0.358067
0.156680 0.256729 0.020125 0.335312 0.231154
0.090150 0.271147 0.004285 0.395673 0.238746
0.054077 0.237675 0.010092 0.323140 0.375016
0.000010 0.338073 0.037536 0.328450 0.295931
0.131913 0.294844 0.000010 0.286918 0.286315
0.062971 0.262433 0.013814 0.347436 0.313346
0.035967 0.260190 0.002804 0.321376 0.379663
0.116375 0.228116 0.004411 0.295413 0.355686
0.043419 0.242358 0.006842 0.336000 0.371380
0.000010 0.257196 0.025103 0.361202 0.356489
0.030902 0.318801 0.038346 0.269036 0.342914
0.033004 0.449794 0.000010 0.146545 0.370647
0.109297 0.260290 0.000010 0.289052 0.341352
0.079160 0.198798 0.000010 0.322429 0.399602
0.163293 0.274835 0.007964 0.341536 0.212372
0.085166 0.271264 0.008281 0.372612 0.262676
0.130258 0.299749 0.019197 0.179914 0.370882
0.112748 0.287066 0.000010 0.276350 0.323826
0.099128 0.274412 0.016208 0.342340 0.267912
0.073463 0.242859 0.016634 0.315818 0.351226
0.107076 0.319587 0.000010 0.291161 0.282166
0.059432 0.290057 0.017688 0.274386 0.358437
0.011793 0.282411 0.007430 0.309573 0.388794
0.128988 0.291230 0.013537 0.201948 0.364298
0.095138 0.518912 0.008635 0.062222 0.315093
0.065850 0.295262 0.009721 0.425716 0.203451
0.019462 0.360004 0.019219 0.356887 0.244429
0.100600 0.282535 0.000010 0.359163 0.257691
0.093036 0.320967 0.007577 0.203601 0.374819
0.113387 0.280189 0.044706 0.233808 0.327910
0.064996 0.375653 0.000010 0.371697 0.187644
0.047367 0.328240 0.003908 0.353088 0.267397
0.027379 0.310211 0.000010 0.392777 0.269623
0.000010 0.299367 0.014842 0.303331 0.382450
0.138846 0.212541 0.004769 0.339972 0.303872
0.144858 0.323416 0.026440 0.270006 0.235280
0.054324 0.298722 0.006957 0.301495 0.338502
0.033563 0.264082 0.019674 0.247914 0.434767
0.053808 0.270600 0.031918 0.266815 0.376859
0.000010 0.388839 0.011764 0.293711 0.305677
0.075767 0.319469 0.000010 0.311280 0.293474
0.071592 0.281467 0.005852 0.334411 0.306678
0.058352 0.279367 0.000382 0.367561 0.294339
0.055413 0.258589 0.011425 0.385406 0.289167
0.000010 0.282386 0.028680 0.331823 0.357101
0.071272 0.249318 0.000010 0.424610 0.254790
0.076589 0.296735 0.020454 0.402478 0.203744
0.044237 0.208742 0.019799 0.433328 0.293894
0.069466 0.260743 0.016035 0.357629 0.296126
0.100567 0.283988 0.010549 0.335636 0.269261
0.127547 0.232226 0.003147 0.580948 0.056131
0.065785 0.277089 0.018636 0.518315 0.120174
0.078433 0.233017 0.007561 0.610708 0.070281
0.047344 0.242082 0.000756 0.622012 0.087807
0.076164 0.250905 0.008943 0.558600 0.105388
0.000010 0.299774 0.020341 0.595285 0.084590
0.039989 0.293713 0.009158 0.592543 0.064597
0.104201 0.189488 0.015340 0.587168 0.103804
0.133032 0.190665 0.011581 0.556961 0.107761
0.080423 0.230264 0.004117 0.579888 0.105308
0.000010 0.267722 0.006089 0.598897 0.127281
0.000010 0.287997 0.000010 0.567910 0.144073
0.113560 0.316072 0.000010 0.545066 0.025291
0.007615 0.341118 0.018731 0.592556 0.039979
0.061274 0.332974 0.000010 0.572086 0.033656
0.041033 0.251064 0.006241 0.603300 0.098362
0.099538 0.236914 0.008024 0.573451 0.082072
0.089868 0.310715 0.003010 0.516757 0.079650
0.109051 0.215639 0.015177 0.606513 0.053619
0.011947 0.154190 0.035897 0.473401 0.324566
0.094127 0.086904 0.017189 0.467233 0.334548
0.076064 0.096886 0.012887 0.449599 0.364563
0.108848 0.108601 0.027088 0.481875 0.273589
0.100991 0.053771 0.025795 0.558572 0.260872
0.169298 0.032796 0.002429 0.552045 0.243433
0.140696 0.036377 0.040565 0.558305 0.224056
0.121058 0.095758 0.024979 0.579252 0.178953
0.022479 0.127602 0.038206 0.497431 0.314283
0.117639 0.139271 0.043640 0.478008 0.221442
0.156749 0.099684 0.032368 0.514621 0.196578
0.139056 0.116754 0.018200 0.523672 0.202319
0.134823 0.000010 0.023400 0.514690 0.327077
0.029634 0.155002 0.026155 0.479596 0.309613
0.042231 0.093674 0.017736 0.466718 0.379642
0.132344 0.093816 0.000010 0.484578 0.289253
0.039771 0.085409 0.033392 0.551153 0.290275
0.070422 0.119516 0.024862 0.511252 0.273948
0.063963 0.155610 0.015959 0.523568 0.240900
0.041115 0.143866 0.030334 0.462923 0.321762
0.116694 0.158735 0.016222 0.500759 0.207591
0.068214 0.162277 0.040380 0.459663 0.269466
0.060579 0.175424 0.041610 0.444061 0.278326
0.089890 0.046021 0.036825 0.505963 0.321301
0.081481 0.091742 0.022279 0.493341 0.311157
0.120981 0.075335 0.058880 0.415750 0.329053
0.098531 0.102814 0.005984 0.444271 0.348400
0.110166 0.123283 0.043431 0.500987 0.222132
0.058036 0.092313 0.051580 0.516589 0.281483
0.062075 0.119389 0.025965 0.517748 0.274822
0.170720 0.036941 0.019837 0.523369 0.249133
0.011565 0.213364 0.012454 0.488918 0.273699
0.035477 0.172179 0.012488 0.498739 0.281116
0.132827 0.094934 0.000010 0.400043 0.372187
0.034476 0.126425 0.045413 0.496171 0.297515
0.148766 0.025098 0.057952 0.474586 0.293598
0.063678 0.168102 0.031032 0.459296 0.277892
0.042253 0.138861 0.000010 0.556133 0.262742
0.036996 0.163560 0.035723 0.396832 0.366890
0.108274 0.110387 0.027052 0.445272 0.309015
0.102740 0.089737 0.055350 0.449577 0.302597
0.027414 0.148798 0.031872 0.457649 0.334267
0.099063 0.156035 0.034340 0.457763 0.252799
0.114028 0.088752 0.032392 0.548725 0.216104
0.116462 0.131232 0.029405 0.433509 0.289393
0.114227 0.174021 0.029888 0.470386 0.211479
0.109963 0.106159 0.020545 0.450551 0.312781
0.001674 0.194876 0.012758 0.503444 0.287248
0.139620 0.073752 0.028080 0.515583 0.242966
0.054728 0.114158 0.020934 0.524839 0.285340
0.122065 0.146946 0.023316 0.478186 0.229487
0.105048 0.084989 0.046560 0.489966 0.273436
0.044040 0.199131 0.026803 0.515902 0.214124
0.037913 0.168788 0.005426 0.520286 0.267587
0.071012 0.154186 0.025905 0.466551 0.282346
0.028840 0.155044 0.011995 0.543101 0.261020
0.043591 0.154123 0.005132 0.470004 0.327149
0.063447 0.133676 0.043392 0.471486 0.287999
0.087825 0.054005 0.006878 0.453580 0.397712
0.062951 0.191751 0.037722 0.462435 0.245141
0.087273 0.405811 0.179047 0.081583 0.246287
0.203967 0.498298 0.055877 0.093900 0.147958
0.166364 0.538447 0.059325 0.047485 0.188379
0.106140 0.566601 0.017137 0.125773 0.184349
0.079690 0.525216 0.048412 0.077593 0.269089
0.209645 0.400288 0.104187 0.057249 0.228631
0.117225 0.479176 0.190672 0.032041 0.180886
0.173264 0.471884 0.050131 0.165705 0.139015
0.148403 0.502329 0.089497 0.032695 0.227076
0.050041 0.580238 0.019073 0.110470 0.240178
0.198652 0.478702 0.044874 0.068441 0.209330
0.122999 0.386216 0.101968 0.063353 0.325465
0.170252 0.546641 0.020715 0.128439 0.133952
0.172141 0.477879 0.070225 0.127146 0.152609
0.088892 0.557616 0.046605 0.082349 0.224539
0.066980 0.578827 0.069051 0.058457 0.226684
0.128968 0.531895 0.061942 0.081909 0.195286
0.224123 0.415782 0.048036 0.099625 0.212434
0.123168 0.479188 0.077352 0.129756 0.190536
0.234310 0.257628 0.115019 0.000010 0.393033
0.163323 0.358161 0.062109 0.000010 0.416397
0.207854 0.355720 0.076600 0.000010 0.359816
0.109337 0.295727 0.108742 0.053038 0.433157
0.153230 0.313405 0.086622 0.013397 0.433347
0.227744 0.272198 0.103298 0.032324 0.364437
0.082285 0.433741 0.097785 0.021103 0.365086
0.118578 0.403893 0.078603 0.055145 0.343780
0.000010 0.155332 0.565913 0.000010 0.278735
0.158638 0.317274 0.097627 0.015478 0.410982
0.126860 0.306615 0.129440 0.000010 0.437075
0.173573 0.319392 0.104998 0.047326 0.354710
0.142320 0.412416 0.098878 0.031410 0.314976
0.185070 0.332837 0.080928 0.000010 0.401155
0.200785 0.283459 0.123047 0.072592 0.320117
0.191248 0.369608 0.095624 0.000010 0.343510
0.197190 0.309578 0.074573 0.000010 0.418649
0.213495 0.321869 0.070305 0.000010 0.394321
0.128654 0.313717 0.079224 0.000010 0.478395
0.210677 0.348637 0.094660 0.009424 0.336602
0.049907 0.278785 0.000010 0.375168 0.296130
0.049769 0.275566 0.000010 0.441202 0.233454
0.000010 0.247731 0.010218 0.400106 0.341936
0.000903 0.308030 0.005417 0.403919 0.281731
0.093713 0.244146 0.005341 0.425060 0.231739
0.077299 0.251280 0.018682 0.435074 0.217666
0.057647 0.321346 0.000010 0.339914 0.281083
0.086348 0.256283 0.000010 0.411226 0.246133
0.077409 0.291671 0.012718 0.383671 0.234530
0.015094 0.600034 0.041214 0.260158 0.083501
0.105782 0.580206 0.049456 0.249623 0.014933
0.157647 0.530011 0.021347 0.290985 0.000010
0.033420 0.319488 0.013851 0.306404 0.326837
0.045246 0.271926 0.003417 0.317337 0.362073
0.103070 0.256472 0.009501 0.324443 0.306514
0.043313 0.300279 0.028289 0.217915 0.410205
0.137722 0.229920 0.022701 0.362441 0.247216
0.003633 0.231903 0.011018 0.397586 0.355859
0.056565 0.224272 0.020326 0.297917 0.400920
0.068290 0.191789 0.013142 0.415351 0.311428
0.071616 0.288892 0.092356 0.213056 0.334080
0.094276 0.274717 0.011067 0.252328 0.367611
0.058720 0.261229 0.016746 0.300571 0.362734
0.037181 0.385810 0.005190 0.236871 0.334948
0.148887 0.265056 0.000010 0.286802 0.299246
0.085954 0.250154 0.006525 0.432815 0.224552
0.075567 0.292119 0.000010 0.348341 0.283964
0.061801 0.296737 0.005841 0.289982 0.345640
0.000010 0.321555 0.041394 0.374319 0.262722
0.092469 0.273113 0.029086 0.346727 0.258605
0.107373 0.258743 0.023330 0.230201 0.380354
0.100937 0.322106 0.000010 0.203190 0.373757
0.111223 0.253319 0.001993 0.278017 0.355449
0.051069 0.330158 0.014723 0.227652 0.376398
0.171793 0.355953 0.068984 0.037938 0.365331
0.127041 0.334881 0.049266 0.029111 0.459700
0.160686 0.416479 0.064011 0.046608 0.312215
0.168754 0.533963 0.031317 0.265956 0.000010
0.139797 0.560495 0.031327 0.203712 0.064669
0.033963 0.677767 0.024663 0.263597 0.000010
0.117018 0.656173 0.016168 0.210632 0.000010
0.134500 0.549075 0.029164 0.276316 0.010944
0.058714 0.652482 0.006214 0.231104 0.051486
0.052465 0.646199 0.019775 0.281551 0.000010
0.119858 0.567388 0.023573 0.266179 0.023003
0.129877 0.505625 0.021752 0.251009 0.091736
0.166370 0.534554 0.044243 0.210677 0.044156
0.095083 0.531644 0.021425 0.260714 0.091134
0.123614 0.597768 0.000010 0.264708 0.013900
0.160620 0.602721 0.013611 0.223037 0.000010
0.118034 0.541844 0.016625 0.308170 0.015328
0.148699 0.598780 0.038829 0.213682 0.000010
0.122421 0.527653 0.041859 0.259798 0.048269
0.038739 0.698617 0.016185 0.246449 0.000010
0.158774 0.567639 0.041464 0.232113 0.000010
0.120815 0.538861 0.010862 0.329452 0.000010
0.086814 0.198677 0.011144 0.394229 0.309136
0.005579 0.190059 0.014898 0.477317 0.312147
0.105794 0.130760 0.027424 0.435903 0.300119
0.047667 0.207321 0.008237 0.393166 0.343608
0.073915 0.142260 0.014311 0.404919 0.364595
0.101719 0.110291 0.029901 0.434495 0.323593
0.074377 0.200865 0.000010 0.411714 0.313033
0.105553 0.169878 0.000010 0.408947 0.315612
0.060539 0.228695 0.009559 0.354914 0.346293
0.028490 0.246789 0.003297 0.428442 0.292982
0.024859 0.149325 0.000010 0.424775 0.401031
0.010839 0.205235 0.008804 0.428614 0.346508
0.071800 0.308486 0.009443 0.355828 0.254443
0.047831 0.277241 0.018165 0.524726 0.132036
0.101138 0.251151 0.026254 0.469864 0.151592
0.061030 0.278302 0.025717 0.473498 0.161452
0.038751 0.274814 0.004935 0.395439 0.286060
0.071468 0.204871 0.000010 0.455716 0.267936
0.075224 0.238530 0.004151 0.403423 0.278671
0.006960 0.344132 0.002044 0.476053 0.170812
0.056019 0.286945 0.000010 0.517770 0.139255
0.067694 0.259153 0.007682 0.489162 0.176309
0.069712 0.257167 0.001260 0.474500 0.197361
0.078242 0.253963 0.021571 0.474362 0.171861
0.057349 0.334946 0.023870 0.451753 0.132083
0.026802 0.266142 0.026727 0.476258 0.204070
0.087150 0.262986 0.011793 0.348782 0.289290
0.063204 0.302801 0.021553 0.423900 0.188542
0.074654 0.262554 0.004358 0.310830 0.347605
0.060326 0.312790 0.009047 0.326037 0.291799
0.038812 0.273385 0.038128 0.296863 0.352811
0.057241 0.300998 0.000010 0.299784 0.341967
0.071416 0.250468 0.016821 0.319065 0.342230
0.103354 0.236969 0.000010 0.296260 0.363407
0.081775 0.272960 0.031902 0.264233 0.349130
0.095436 0.248796 0.032903 0.379263 0.243601
0.090147 0.264428 0.015933 0.309063 0.320427
0.031304 0.262563 0.022725 0.310317 0.373091
0.000010 0.323792 0.000010 0.349304 0.326884
0.025069 0.388115 0.000474 0.346063 0.240279
0.080779 0.278003 0.000010 0.304803 0.336405
0.112255 0.238152 0.018581 0.328390 0.302622
0.135204 0.239123 0.034864 0.265365 0.325444
0.154203 0.230042 0.010440 0.316716 0.288598
0.065209 0.285494 0.025812 0.300514 0.322970
0.085353 0.271280 0.001386 0.303492 0.338489
0.104369 0.231742 0.004678 0.307038 0.352173
0.068472 0.285180 0.005233 0.308703 0.332412
0.095201 0.238066 0.013668 0.342229 0.310837
0.098206 0.294688 0.010297 0.285459 0.311350
0.047555 0.346314 0.034367 0.339741 0.232023
0.000010 0.300782 0.016927 0.490878 0.191403
0.075654 0.244083 0.007942 0.557985 0.114337
0.055971 0.335534 0.014212 0.526539 0.067743
0.096532 0.285742 0.002867 0.524725 0.090134
0.078175 0.349441 0.009794 0.487155 0.075436
0.011085 0.307603 0.024059 0.512737 0.144515
0.027422 0.294808 0.027178 0.464977 0.185616
0.000010 0.281943 0.008476 0.486728 0.222844
0.002491 0.340050 0.013254 0.476553 0.167652
0.000010 0.288643 0.014110 0.494997 0.202240
0.052808 0.306720 0.000880 0.511447 0.128146
0.033331 0.308944 0.000010 0.523226 0.134488
0.084613 0.292997 0.000010 0.511122 0.111258
0.093997 0.229441 0.009310 0.533980 0.133272
0.041533 0.282485 0.000010 0.255734 0.420237
0.118843 0.244394 0.001276 0.346737 0.288750
0.073383 0.299387 0.000010 0.321614 0.305605
0.129046 0.283555 0.005932 0.259602 0.321865
0.130321 0.213080 0.026140 0.267871 0.362588
0.109836 0.291528 0.000010 0.256978 0.341648
0.000010 0.208677 0.007303 0.352807 0.431203
0.066450 0.268254 0.011549 0.324508 0.329239
0.051245 0.249895 0.000010 0.318805 0.380045
0.073070 0.586615 0.012586 0.195507 0.132222
0.045706 0.605209 0.056777 0.249782 0.042525
0.086017 0.598146 0.010353 0.177872 0.127613
0.186912 0.341968 0.032856 0.000901 0.437363
0.164582 0.341056 0.026226 0.000010 0.468126
0.152980 0.293571 0.116465 0.000010 0.436974
0.144410 0.249015 0.093130 0.000010 0.513435
0.216448 0.221255 0.090572 0.000010 0.471715
0.245604 0.225717 0.080466 0.000010 0.448203
0.171497 0.339897 0.051215 0.000010 0.437381
0.107443 0.370732 0.130779 0.000010 0.391036
0.128254 0.395669 0.100603 0.000010 0.375465
0.146550 0.319581 0.104903 0.000010 0.428957
0.119468 0.326764 0.136031 0.000010 0.417727
0.090496 0.401334 0.094222 0.000010 0.413938
0.129968 0.306103 0.078381 0.000010 0.485538
0.172505 0.335558 0.089273 0.000010 0.402654
0.189099 0.268517 0.101489 0.005840 0.435055
0.207353 0.277461 0.110912 0.000010 0.404264
0.095946 0.228067 0.231039 0.059439 0.385509
0.134649 0.288593 0.074872 0.044103 0.457782
0.191215 0.349086 0.072699 0.000010 0.386990
0.199835 0.300991 0.085227 0.061593 0.352355
0.220693 0.278824 0.094707 0.000010 0.405766
0.226886 0.216351 0.089023 0.112504 0.355236
0.139986 0.323993 0.111150 0.022048 0.402823
0.216296 0.291554 0.102088 0.030921 0.359141
0.223958 0.269136 0.117389 0.076152 0.313366
0.174537 0.276427 0.117912 0.000010 0.431114
0.208070 0.321505 0.077758 0.000010 0.392657
0.200737 0.327844 0.102076 0.000010 0.369333
0.176226 0.314965 0.069019 0.019805 0.419985
0.182185 0.292001 0.113397 0.000010 0.412406
0.266494 0.340030 0.044345 0.000010 0.349121
0.248488 0.188330 0.134653 0.013038 0.415491
0.245791 0.258937 0.102942 0.003058 0.389272
0.174086 0.278723 0.063905 0.000010 0.483276
0.277470 0.305923 0.097216 0.021327 0.298064
0.193037 0.234656 0.108149 0.000010 0.464149
0.140530 0.309584 0.105904 0.000010 0.443972
0.158744 0.286056 0.070302 0.000010 0.484889
0.153646 0.196381 0.151767 0.000010 0.498195
0.170964 0.321170 0.113989 0.000010 0.393866
0.192190 0.250929 0.092987 0.019809 0.444084
0.218831 0.325655 0.104801 0.019405 0.331309
0.203066 0.279402 0.159694 0.031352 0.326485
0.281741 0.301016 0.082586 0.000010 0.334647
0.246216 0.238621 0.120425 0.000010 0.394727
0.039585 0.293057 0.022358 0.156143 0.488856
0.055142 0.267176 0.000010 0.187275 0.490398
0.000010 0.335113 0.000010 0.284888 0.379979
0.000010 0.331736 0.023984 0.297150 0.347120
0.129814 0.231650 0.015249 0.213012 0.410274
0.063627 0.367914 0.006205 0.172390 0.389864
0.106605 0.289849 0.000010 0.169551 0.433985
0.000010 0.228827 0.018281 0.245884 0.506999
0.071837 0.284020 0.000010 0.270670 0.373463
0.112015 0.273106 0.011990 0.303051 0.299838
0.065522 0.318005 0.007797 0.191024 0.417652
0.067380 0.298164 0.000010 0.263066 0.371379
0.190673 0.167759 0.005961 0.277417 0.358191
0.000010 0.359123 0.011020 0.134280 0.495567
0.050396 0.307719 0.035333 0.283224 0.323328
0.101551 0.285587 0.029833 0.155117 0.427913
0.099186 0.241442 0.005014 0.330542 0.323816
0.098541 0.174391 0.028365 0.321371 0.377331
0.203941 0.205069 0.036162 0.209381 0.345447
0.101733 0.230280 0.036493 0.259930 0.371564
0.130005 0.191892 0.000879 0.284722 0.392503
0.052280 0.302311 0.000010 0.261667 0.383732
0.103000 0.257509 0.017631 0.231689 0.390171
0.065978 0.262615 0.042636 0.270265 0.358507
0.000010 0.305080 0.009282 0.245736 0.439892
0.123157 0.292570 0.008926 0.196716 0.378631
0.092567 0.186619 0.027712 0.385978 0.307125
0.202391 0.228392 0.028818 0.288553 0.251846
0.100408 0.243864 0.005530 0.253841 0.396357
0.153325 0.241272 0.003276 0.264163 0.337964
0.165142 0.243086 0.048997 0.212818 0.329956
0.053651 0.253689 0.020079 0.266990 0.405590
0.063853 0.275682 0.013493 0.276821 0.370151
0.142116 0.274815 0.022718 0.213222 0.347130
0.137691 0.263989 0.007344 0.326047 0.264929
0.000010 0.345699 0.032589 0.201928 0.419774
0.039703 0.304733 0.025735 0.340781 0.289048
0.086179 0.282988 0.027882 0.253453 0.349498
0.056868 0.273965 0.033167 0.313991 0.322008
0.070082 0.216537 0.028828 0.324005 0.360547
0.078498 0.257317 0.011658 0.191398 0.461129
0.081323 0.256043 0.074824 0.164448 0.423362
0.168483 0.211651 0.007964 0.255112 0.356790
0.103372 0.247948 0.018327 0.259427 0.370925
0.140867 0.250920 0.021843 0.224025 0.362344
0.113945 0.301409 0.000010 0.234358 0.350278
0.039278 0.251803 0.044643 0.306755 0.357522
0.096976 0.355193 0.021269 0.285011 0.241551
0.096500 0.239003 0.048571 0.255841 0.360084
0.098627 0.241042 0.012159 0.245288 0.402885
0.078185 0.292089 0.021193 0.383188 0.225346
0.214294 0.214249 0.024940 0.221288 0.325228
0.031818 0.365726 0.016589 0.235428 0.350438
0.107384 0.242997 0.013819 0.189952 0.445849
0.059561 0.287143 0.089349 0.438715 0.125232
0.200580 0.130693 0.005899 0.392434 0.270395
0.190934 0.299463 0.035628 0.201402 0.272573
0.096473 0.287096 0.000010 0.198951 0.417469
0.182982 0.190891 0.005744 0.227057 0.393327
0.032202 0.332265 0.039161 0.236419 0.359953
0.112003 0.299023 0.014407 0.254069 0.320498
0.000010 0.022692 0.030836 0.336718 0.609745
0.069052 0.041000 0.003455 0.277844 0.608649
0.057894 0.000276 0.000010 0.407563 0.534257
0.087640 0.000010 0.009596 0.341840 0.560914
0.013283 0.000010 0.005957 0.378335 0.602415
0.022778 0.000010 0.000010 0.365267 0.611936
0.080585 0.000010 0.000010 0.396139 0.523255
0.086312 0.020471 0.000010 0.295441 0.597767
0.000010 0.000010 0.006535 0.344390 0.649055
0.000010 0.000010 0.000010 0.354234 0.645736
0.000010 0.000010 0.000010 0.342941 0.657029
0.042683 0.000010 0.000010 0.338548 0.618748
0.046614 0.000010 0.000010 0.339328 0.614039
0.014182 0.000010 0.000010 0.387965 0.597833
0.001327 0.000010 0.003754 0.377326 0.617584
0.064617 0.000010 0.004864 0.343979 0.586530
0.006633 0.000010 0.000010 0.257272 0.736075
0.003782 0.000010 0.024742 0.319896 0.651569
0.064310 0.000010 0.000010 0.310483 0.625187
0.030230 0.000077 0.000010 0.327797 0.641885
0.081716 0.005005 0.000010 0.357308 0.555961
0.053051 0.000010 0.000010 0.268919 0.678011
0.019867 0.025413 0.002639 0.324611 0.627471
0.071717 0.000010 0.038887 0.358394 0.530992
0.000010 0.291304 0.023663 0.506244 0.178779
0.090839 0.258091 0.006344 0.548885 0.095841
0.080165 0.274814 0.019453 0.512050 0.113517
0.082075 0.315589 0.030841 0.494923 0.076573
0.005202 0.307754 0.013469 0.550142 0.123433
0.105377 0.221490 0.023142 0.458571 0.191420
0.000010 0.349563 0.025356 0.467781 0.157290
0.108951 0.183460 0.000010 0.483041 0.224538
