0.163208 0.011924 0.824868
0.142486 0.003554 0.853960
0.193390 0.013607 0.793004
0.491870 0.014392 0.493738
0.539060 0.004242 0.456698
0.483388 0.007446 0.509166
0.523197 0.007707 0.469096
0.524269 0.003687 0.472044
0.540936 0.013145 0.445919
0.511657 0.005363 0.482980
0.531698 0.010688 0.457614
0.505539 0.012651 0.481810
0.517973 0.010251 0.471776
0.497730 0.004983 0.497286
0.619848 0.015217 0.364935
0.536432 0.000010 0.463558
0.521154 0.005589 0.473257
0.584769 0.004495 0.410735
0.536772 0.021184 0.442044
0.548503 0.006966 0.444531
0.505490 0.004274 0.490236
0.567107 0.004178 0.428715
0.551972 0.009569 0.438459
0.534465 0.010115 0.455420
0.580600 0.000010 0.419390
0.619616 0.005379 0.375005
0.557815 0.008406 0.433779
0.582004 0.002265 0.415730
0.574700 0.001110 0.424190
0.547149 0.007289 0.445562
0.592341 0.007070 0.400588
0.588693 0.006636 0.404672
0.601305 0.007262 0.391433
0.540203 0.001455 0.458342
0.572376 0.007508 0.420116
0.527170 0.012810 0.460020
0.562827 0.005770 0.431403
0.542719 0.010112 0.447169
0.295524 0.021474 0.683002
0.279385 0.013212 0.707403
0.277435 0.015810 0.706755
0.307798 0.031793 0.660409
0.262376 0.022530 0.715095
0.236759 0.016238 0.747003
0.231376 0.010907 0.757717
0.401417 0.022046 0.576537
0.272589 0.024922 0.702489
0.238644 0.010671 0.750684
0.249439 0.022421 0.728140
0.270466 0.014739 0.714795
0.244116 0.023338 0.732545
0.300364 0.001090 0.698547
0.265068 0.013803 0.721129
0.254691 0.030345 0.714964
0.584354 0.004520 0.411126
0.552730 0.006522 0.440748
0.560731 0.006501 0.432768
0.536100 0.008145 0.455756
0.542363 0.007329 0.450307
0.556524 0.014209 0.429267
0.537768 0.000010 0.462222
0.572057 0.005195 0.422748
0.557104 0.002545 0.440351
0.519178 0.012474 0.468347
0.558309 0.006685 0.435007
0.547998 0.004981 0.447021
0.590963 0.009200 0.399838
0.606334 0.014684 0.378982
0.494152 0.001717 0.504131
0.564087 0.007261 0.428652
0.544813 0.003439 0.451748
0.547777 0.000010 0.452213
0.540324 0.014138 0.445539
0.546747 0.012585 0.440668
0.514772 0.000010 0.485218
0.545731 0.000010 0.454259
0.557289 0.007884 0.434828
0.519957 0.004619 0.475424
0.542073 0.000010 0.457917
0.622330 0.000010 0.377660
0.570268 0.007671 0.422061
0.606052 0.000010 0.393938
0.578816 0.004414 0.416770
0.527431 0.000010 0.472559
0.154149 0.004992 0.840859
0.115800 0.011842 0.872358
0.120196 0.010351 0.869453
0.132720 0.000010 0.867270
0.167249 0.006870 0.825881
0.145497 0.007733 0.846770
0.143872 0.011253 0.844875
0.188441 0.011230 0.800329
0.106451 0.007114 0.886435
0.297299 0.006602 0.696100
0.173087 0.010515 0.816399
0.143093 0.002207 0.854700
0.144612 0.017517 0.837871
0.129114 0.007883 0.863003
0.139758 0.005570 0.854672
0.160833 0.008723 0.830444
0.175910 0.030131 0.793958
0.178416 0.048433 0.773151
0.161803 0.042792 0.795405
0.214577 0.044769 0.740654
0.150332 0.038902 0.810766
0.184988 0.055021 0.759991
0.178744 0.033693 0.787563
0.160349 0.038353 0.801298
0.214600 0.032864 0.752536
0.140710 0.040009 0.819281
0.172147 0.047462 0.780391
0.179144 0.038053 0.782803
0.155607 0.039576 0.804817
0.198847 0.042712 0.758440
0.206473 0.046554 0.746973
0.291295 0.040787 0.667918
0.268174 0.024003 0.707823
0.246208 0.027547 0.726245
0.944537 0.015256 0.040207
0.975193 0.013907 0.010900
0.990009 0.009981 0.000010
0.991192 0.008798 0.000010
0.987827 0.012163 0.000010
0.986176 0.013814 0.000010
0.969626 0.013530 0.016844
0.904060 0.003376 0.092564
0.931335 0.000010 0.068655
0.986915 0.002969 0.010115
0.984930 0.015060 0.000010
0.950812 0.004635 0.044552
0.997343 0.000010 0.002647
0.990767 0.009223 0.000010
0.983423 0.006717 0.009860
0.983464 0.000184 0.016352
0.992802 0.007188 0.000010
0.961711 0.011398 0.026891
0.984463 0.000010 0.015527
0.977339 0.000010 0.022651
0.987513 0.000010 0.012477
0.975112 0.000010 0.024878
0.993952 0.006038 0.000010
0.797122 0.000694 0.202184
0.752555 0.011791 0.235654
0.805115 0.009463 0.185423
0.845150 0.011265 0.143585
0.759039 0.009087 0.231875
0.802249 0.000010 0.197741
0.789882 0.005904 0.204214
0.814188 0.001950 0.183862
0.766935 0.002487 0.230578
0.813122 0.009093 0.177786
0.765041 0.003979 0.230980
0.787841 0.000010 0.212149
0.896580 0.005841 0.097578
0.766639 0.000724 0.232637
0.440233 0.022700 0.537067
0.418001 0.010136 0.571863
0.426812 0.009462 0.563727
0.432573 0.022105 0.545322
0.435550 0.017107 0.547343
0.484943 0.014835 0.500222
0.379991 0.011798 0.608211
0.437488 0.010245 0.552267
0.422278 0.013210 0.564512
0.450539 0.005912 0.543548
0.444760 0.021900 0.533340
0.422352 0.023949 0.553699
0.436381 0.007450 0.556169
0.432497 0.021184 0.546319
0.462712 0.012048 0.525240
0.429028 0.021896 0.549076
0.390499 0.017958 0.591543
0.560433 0.007543 0.432023
0.543546 0.000010 0.456444
0.546996 0.004274 0.448730
0.537454 0.000010 0.462536
0.601737 0.012636 0.385627
0.582093 0.000010 0.417897
0.514565 0.000100 0.485335
0.563096 0.003426 0.433479
0.550876 0.006396 0.442728
0.520607 0.012803 0.466591
0.551691 0.003004 0.445305
0.569887 0.001767 0.428346
0.596469 0.001250 0.402281
0.586311 0.007772 0.405916
0.580735 0.009734 0.409531
0.566355 0.000667 0.432978
0.867101 0.008864 0.124035
0.815520 0.004884 0.179596
0.837286 0.009160 0.153554
0.818690 0.011031 0.170278
0.786785 0.003261 0.209954
0.832224 0.000010 0.167766
0.795861 0.006532 0.197607
0.791272 0.000581 0.208147
0.875939 0.006879 0.117182
0.769053 0.000010 0.230937
0.825950 0.002765 0.171285
0.822464 0.000010 0.177526
0.862644 0.004963 0.132394
0.799094 0.007408 0.193498
0.831567 0.020339 0.148094
0.829489 0.013859 0.156652
0.833828 0.008354 0.157819
0.829894 0.008334 0.161772
0.866267 0.014339 0.119394
0.875764 0.014416 0.109820
0.799936 0.002155 0.197909
0.907777 0.012174 0.080049
0.619065 0.000010 0.380925
0.858845 0.011217 0.129937
0.780548 0.010663 0.208790
0.785874 0.007964 0.206161
0.828500 0.001488 0.170012
0.875682 0.008011 0.116307
0.810475 0.008161 0.181364
0.837140 0.005730 0.157130
0.832795 0.004639 0.162566
0.725410 0.002091 0.272500
0.789660 0.003458 0.206883
0.799636 0.010693 0.189671
0.793786 0.002600 0.203614
0.766727 0.005339 0.227934
0.802033 0.005987 0.191980
0.797029 0.004844 0.198127
0.860346 0.006169 0.133485
0.840990 0.004593 0.154417
0.840633 0.004381 0.154986
0.807188 0.002211 0.190602
0.830826 0.005735 0.163439
0.372594 0.004518 0.622888
0.402402 0.006093 0.591505
0.421121 0.005912 0.572967
0.424324 0.014549 0.561127
0.436643 0.005661 0.557696
0.385552 0.002599 0.611849
0.367975 0.000667 0.631357
0.410791 0.001953 0.587255
0.436114 0.000010 0.563876
0.420410 0.001905 0.577686
0.355012 0.000010 0.644978
0.417658 0.001340 0.581003
0.425504 0.003942 0.570554
0.436132 0.004802 0.559066
0.391871 0.012277 0.595853
0.421173 0.008486 0.570341
0.481314 0.011363 0.507323
0.384103 0.010599 0.605298
0.474689 0.003358 0.521953
0.123969 0.048098 0.827932
0.145210 0.094126 0.760664
0.155825 0.032094 0.812081
0.137115 0.105521 0.757364
0.059988 0.016552 0.923460
0.000010 0.024894 0.975096
0.073165 0.032208 0.894627
0.042654 0.019398 0.937948
0.074569 0.035109 0.890322
0.119918 0.042358 0.837724
0.057639 0.028034 0.914327
0.004589 0.040279 0.955132
0.138782 0.038253 0.822965
0.000010 0.027602 0.972388
0.000010 0.015769 0.984221
0.096473 0.043213 0.860314
0.090188 0.020666 0.889145
0.037849 0.038957 0.923194
0.056840 0.033910 0.909250
0.000010 0.019877 0.980113
0.027219 0.021081 0.951700
0.168801 0.084455 0.746744
0.043596 0.034629 0.921774
0.091619 0.044738 0.863643
0.167871 0.034401 0.797728
0.132734 0.037962 0.829303
0.000010 0.014583 0.985407
0.103983 0.044102 0.851915
0.000010 0.020215 0.979775
0.115446 0.039448 0.845106
0.124220 0.042558 0.833222
0.176917 0.035174 0.787908
0.014577 0.034518 0.950904
0.000010 0.004924 0.995066
0.037854 0.022880 0.939267
0.050873 0.030910 0.918217
0.062604 0.026621 0.910775
0.121430 0.033288 0.845282
0.067538 0.035652 0.896810
0.067003 0.019108 0.913890
0.134369 0.023147 0.842483
0.044653 0.034258 0.921089
0.153750 0.021798 0.824452
0.026100 0.014625 0.959275
0.110277 0.042641 0.847081
0.453493 0.024065 0.522442
0.449231 0.031600 0.519169
0.466225 0.028057 0.505718
0.460494 0.021542 0.517964
0.430499 0.023062 0.546440
0.497297 0.019846 0.482856
0.466923 0.024371 0.508706
0.494684 0.025397 0.479919
0.502263 0.023520 0.474218
0.455738 0.020490 0.523771
0.459509 0.028672 0.511819
0.464128 0.022191 0.513681
0.465543 0.021945 0.512511
0.378669 0.007741 0.613589
0.505194 0.002054 0.492752
0.523987 0.009188 0.466825
0.525266 0.005058 0.469676
0.531181 0.012222 0.456597
0.499762 0.000010 0.500228
0.492581 0.011893 0.495526
0.564060 0.004529 0.431411
0.615477 0.004794 0.379729
0.548411 0.001206 0.450383
0.531407 0.007347 0.461246
0.531547 0.005761 0.462693
0.522649 0.000010 0.477341
0.549352 0.000903 0.449745
0.517766 0.009748 0.472486
0.472592 0.006292 0.521117
0.536961 0.012242 0.450797
0.547631 0.000010 0.452359
0.523080 0.008943 0.467978
0.499961 0.000122 0.499917
0.527373 0.016227 0.456399
0.547224 0.003245 0.449532
0.526855 0.015792 0.457352
0.544507 0.000868 0.454626
0.543905 0.008535 0.447560
0.557645 0.016333 0.426022
0.506439 0.021122 0.472440
0.529296 0.035901 0.434803
0.594869 0.000575 0.404555
0.529071 0.010935 0.459993
0.575772 0.014091 0.410137
0.587580 0.002126 0.410294
0.522968 0.001873 0.475159
0.550379 0.000010 0.449611
0.576200 0.003392 0.420408
0.545610 0.006200 0.448189
0.543350 0.017747 0.438903
0.488249 0.000010 0.511741
0.575928 0.007493 0.416579
0.573600 0.003427 0.422973
0.523034 0.019435 0.457531
0.522351 0.002511 0.475138
0.548711 0.016978 0.434311
0.535960 0.009035 0.455005
0.651683 0.000010 0.348307
0.872949 0.001635 0.125416
0.839165 0.007449 0.153385
0.850006 0.012266 0.137729
0.846521 0.018192 0.135287
0.880628 0.009373 0.109999
0.808275 0.011781 0.179944
0.872181 0.017248 0.110571
0.922441 0.009333 0.068227
0.902759 0.013127 0.084114
0.731041 0.025206 0.243753
0.828399 0.006274 0.165328
0.860937 0.000750 0.138314
0.900426 0.001957 0.097617
0.869882 0.007144 0.122974
0.847655 0.015655 0.136690
0.877458 0.000752 0.121791
0.873952 0.011543 0.114505
0.866969 0.014469 0.118562
0.823565 0.000010 0.176425
0.816203 0.000010 0.183787
0.884735 0.000010 0.115255
0.890985 0.006603 0.102412
0.897283 0.003608 0.099109
0.805440 0.007805 0.186755
0.843238 0.003302 0.153460
0.824497 0.006763 0.168740
0.867099 0.017075 0.115826
0.106524 0.010478 0.882998
0.088670 0.004305 0.907026
0.156700 0.003872 0.839429
0.146544 0.006642 0.846814
0.153513 0.002382 0.844104
0.085385 0.008945 0.905670
0.130202 0.000010 0.869788
0.097340 0.004087 0.898573
0.118748 0.004002 0.877251
0.119553 0.002491 0.877956
0.137066 0.000010 0.862924
0.101838 0.001512 0.896650
0.125318 0.000087 0.874595
0.082133 0.004437 0.913431
0.086814 0.012135 0.901050
0.137304 0.000010 0.862686
0.158607 0.001997 0.839397
0.102323 0.000411 0.897266
0.156645 0.010871 0.832484
0.123982 0.000010 0.876008
0.132619 0.000010 0.867371
0.220069 0.013950 0.765982
0.093775 0.000010 0.906215
0.335940 0.005343 0.658717
0.114189 0.000010 0.885801
0.146813 0.002015 0.851172
0.086978 0.000010 0.913012
0.114501 0.007587 0.877912
0.334410 0.008953 0.656638
0.875361 0.011240 0.113399
0.946147 0.008443 0.045409
0.953113 0.012263 0.034624
0.876890 0.005270 0.117839
0.922743 0.002814 0.074443
0.947264 0.005409 0.047326
0.936159 0.005434 0.058407
0.938357 0.009510 0.052133
0.946528 0.007003 0.046469
0.874606 0.011010 0.114383
0.877333 0.009676 0.112990
0.907126 0.005103 0.087771
0.950106 0.013198 0.036696
0.942862 0.012694 0.044444
0.918534 0.010676 0.070790
0.909840 0.010350 0.079810
0.918116 0.009327 0.072557
0.887996 0.013979 0.098026
0.890550 0.003648 0.105802
0.937068 0.007933 0.054999
0.936899 0.000010 0.063091
0.872863 0.000010 0.127127
0.855529 0.009386 0.135084
0.887790 0.008420 0.103790
0.911344 0.009642 0.079015
0.868013 0.009257 0.122731
0.972823 0.011310 0.015867
0.907655 0.012837 0.079508
0.839756 0.007704 0.152540
0.960982 0.007379 0.031640
0.945006 0.000010 0.054984
0.929129 0.005663 0.065208
0.897625 0.000010 0.102365
0.867365 0.011397 0.121238
0.541555 0.005693 0.452752
0.456318 0.008794 0.534888
0.492978 0.001516 0.505506
0.571083 0.005485 0.423432
0.559792 0.000010 0.440198
0.566490 0.001575 0.431934
0.599234 0.007372 0.393394
0.570290 0.005419 0.424291
0.591820 0.001332 0.406848
0.599879 0.009583 0.390538
0.521770 0.000104 0.478126
0.627148 0.000010 0.372842
0.551460 0.006423 0.442117
0.503190 0.000010 0.496800
0.596299 0.006936 0.396765
0.608929 0.010927 0.380144
0.444315 0.013389 0.542296
0.401841 0.000010 0.598149
0.433678 0.000010 0.566312
0.576650 0.000010 0.423340
0.539469 0.010813 0.449718
0.558149 0.004377 0.437474
0.428489 0.008216 0.563295
0.487128 0.000010 0.512862
0.613513 0.001503 0.384983
0.610664 0.004585 0.384752
0.503790 0.005851 0.490359
0.481033 0.002454 0.516513
0.619101 0.001771 0.379128
0.448970 0.007880 0.543150
0.133297 0.004425 0.862279
0.659815 0.013167 0.327018
0.621030 0.001564 0.377406
0.642477 0.000010 0.357513
0.397092 0.001896 0.601011
0.461299 0.021398 0.517303
0.637347 0.006336 0.356317
0.597777 0.003399 0.398824
0.598235 0.010794 0.390972
0.531086 0.000010 0.468904
0.564088 0.004095 0.431817
0.485667 0.026086 0.488247
0.546745 0.006803 0.446452
0.533382 0.007389 0.459229
0.509727 0.008875 0.481398
0.553916 0.006344 0.439739
0.569788 0.000331 0.429881
0.603055 0.008171 0.388774
0.622867 0.002340 0.374793
0.595946 0.006141 0.397913
0.604322 0.008752 0.386925
0.671302 0.002997 0.325701
0.628317 0.009404 0.362279
0.643437 0.000010 0.356553
0.557149 0.005347 0.437504
0.595181 0.007713 0.397105
0.840173 0.006144 0.153683
0.830281 0.019046 0.150673
0.804189 0.015399 0.180411
0.897794 0.004205 0.098002
0.846599 0.009368 0.144033
0.866648 0.013346 0.120007
0.836271 0.009459 0.154270
0.821813 0.017678 0.160508
0.835007 0.008861 0.156132
0.829573 0.005422 0.165005
0.849446 0.004918 0.145636
0.801535 0.006679 0.191786
0.851987 0.019327 0.128686
0.848324 0.015254 0.136422
0.845789 0.008096 0.146115
0.874952 0.011434 0.113614
0.871241 0.011319 0.117440
0.815222 0.013202 0.171576
0.845476 0.013537 0.140987
0.809540 0.029761 0.160699
0.783152 0.020218 0.196630
0.820254 0.021216 0.158530
0.764672 0.027613 0.207716
0.870452 0.012706 0.116842
0.917698 0.009941 0.072361
0.917822 0.018220 0.063958
0.955650 0.003077 0.041274
0.782882 0.020255 0.196863
0.794477 0.028433 0.177090
0.809652 0.031057 0.159291
0.832018 0.016924 0.151058
0.796236 0.033296 0.170468
0.825504 0.024572 0.149924
0.811447 0.019117 0.169436
0.829106 0.007340 0.163554
0.834612 0.019461 0.145927
0.763274 0.032234 0.204492
0.768509 0.023079 0.208412
0.808369 0.019569 0.172062
0.777865 0.029782 0.192353
0.739108 0.027248 0.233644
0.765962 0.026056 0.207982
0.771542 0.026577 0.201881
0.728161 0.020762 0.251077
0.693500 0.055227 0.251273
0.741112 0.008187 0.250701
0.785906 0.042408 0.171686
0.771865 0.049577 0.178558
0.834747 0.021943 0.143310
0.835009 0.016745 0.148246
0.808988 0.021013 0.169999
0.829329 0.019805 0.150866
0.815568 0.008121 0.176312
0.798858 0.040494 0.160648
0.730369 0.053628 0.216004
0.761622 0.024910 0.213468
0.944357 0.004605 0.051038
0.761581 0.035099 0.203320
0.758836 0.026731 0.214433
0.825849 0.034150 0.140001
0.782732 0.034774 0.182494
0.776183 0.028576 0.195241
0.857669 0.013758 0.128573
0.780141 0.020260 0.199599
0.742192 0.028834 0.228974
0.835654 0.015950 0.148395
0.832532 0.017284 0.150184
0.822603 0.008417 0.168980
0.837427 0.004268 0.158305
0.819918 0.023436 0.156646
0.744339 0.033317 0.222344
0.803816 0.011694 0.184491
0.823679 0.015424 0.160897
0.799406 0.015761 0.184832
0.810647 0.007249 0.182104
0.814465 0.007043 0.178492
0.740623 0.029594 0.229783
0.789065 0.011828 0.199108
0.786851 0.042056 0.171093
0.073177 0.165444 0.761379
0.152362 0.044164 0.803474
0.120695 0.048968 0.830336
0.148297 0.036465 0.815238
0.118943 0.055338 0.825719
0.126330 0.088042 0.785629
0.107752 0.176374 0.715874
0.219217 0.030565 0.750218
0.127532 0.082219 0.790249
0.146254 0.049336 0.804410
0.113390 0.042342 0.844268
0.134803 0.110387 0.754810
0.174568 0.037058 0.788374
0.093286 0.055799 0.850915
0.150898 0.044551 0.804550
0.142212 0.063072 0.794716
0.155600 0.047763 0.796637
0.203373 0.050081 0.746546
0.171615 0.056519 0.771866
0.084229 0.112341 0.803430
0.136631 0.080926 0.782443
0.115719 0.088204 0.796077
0.187379 0.100321 0.712301
0.109051 0.094898 0.796050
0.135380 0.106088 0.758532
0.131979 0.081060 0.786961
0.132609 0.092465 0.774926
0.037987 0.547083 0.414930
0.161961 0.080409 0.757631
0.110408 0.127355 0.762237
0.160081 0.105230 0.734689
0.147928 0.083442 0.768630
0.138852 0.072500 0.788647
0.134027 0.105782 0.760191
0.107901 0.073197 0.818902
0.090843 0.091873 0.817284
0.157318 0.089676 0.753007
0.118601 0.081317 0.800082
0.129335 0.092048 0.778617
0.644121 0.000010 0.355869
0.650371 0.000010 0.349619
0.611437 0.000010 0.388553
0.630213 0.010930 0.358857
0.630811 0.005556 0.363634
0.702841 0.000010 0.297149
0.647028 0.005920 0.347053
0.643852 0.000010 0.356138
0.627871 0.001365 0.370764
0.346442 0.026167 0.627391
0.314922 0.022145 0.662933
0.384708 0.025587 0.589705
0.545247 0.003397 0.451355
0.570538 0.011565 0.417898
0.547872 0.000010 0.452118
0.465883 0.005327 0.528790
0.546784 0.016087 0.437129
0.591155 0.002996 0.405849
0.564837 0.002164 0.432999
0.645059 0.005002 0.349939
0.438813 0.077767 0.483421
0.507340 0.006129 0.486531
0.483524 0.008807 0.507670
0.478240 0.002269 0.519491
0.504418 0.000357 0.495225
0.597807 0.000010 0.402183
0.560120 0.005527 0.434353
0.588512 0.004950 0.406538
0.543486 0.008991 0.447523
0.564237 0.014626 0.421137
0.494830 0.016458 0.488712
0.453107 0.000010 0.546883
0.474818 0.004403 0.520779
0.519622 0.010344 0.470035
0.159236 0.050372 0.790392
0.192536 0.050386 0.757078
0.181518 0.054636 0.763846
0.324586 0.020395 0.655019
0.297095 0.020420 0.682485
0.309045 0.015294 0.675660
0.278589 0.011401 0.710011
0.296476 0.021390 0.682133
0.287701 0.007451 0.704848
0.323541 0.021318 0.655141
0.309261 0.023562 0.667177
0.322296 0.018191 0.659513
0.280100 0.015250 0.704649
0.303310 0.015979 0.680711
0.285683 0.020252 0.694064
0.320005 0.016725 0.663270
0.279599 0.024227 0.696174
0.271954 0.024389 0.703656
0.339568 0.018281 0.642151
0.336325 0.016597 0.647079
0.294793 0.020751 0.684456
0.345476 0.017708 0.636816
0.728235 0.002743 0.269022
0.769894 0.000205 0.229901
0.705966 0.011044 0.282990
0.701879 0.008531 0.289590
0.705154 0.015495 0.279351
0.699764 0.011817 0.288419
0.714354 0.000864 0.284782
0.715175 0.000010 0.284815
0.656953 0.000010 0.343037
0.734409 0.000341 0.265250
0.706096 0.006677 0.287228
0.712265 0.000010 0.287725
0.653516 0.008216 0.338268
0.793555 0.000397 0.206048
0.707294 0.009775 0.282931
0.730007 0.009025 0.260968
0.661997 0.000010 0.337993
0.711601 0.004726 0.283673
0.681009 0.003891 0.315100
0.687020 0.006167 0.306813
0.734830 0.003732 0.261438
0.691543 0.006530 0.301927
0.675872 0.003929 0.320199
0.682543 0.012072 0.305385
0.720040 0.009175 0.270785
0.728309 0.015122 0.256569
0.570666 0.011352 0.417982
0.619503 0.006045 0.374452
0.476822 0.014788 0.508390
0.524750 0.000010 0.475240
0.524941 0.004232 0.470827
0.610344 0.000010 0.389646
0.533204 0.012220 0.454576
0.605826 0.001911 0.392262
0.572982 0.008901 0.418117
0.612428 0.003287 0.384285
0.543851 0.007773 0.448376
0.585997 0.011402 0.402601
0.578984 0.007436 0.413579
0.538567 0.001040 0.460394
0.541370 0.000010 0.458620
0.561103 0.006808 0.432090
0.511841 0.006144 0.482015
0.562773 0.005332 0.431894
0.524862 0.007829 0.467308
0.552320 0.006967 0.440713
0.570590 0.010768 0.418641
0.582307 0.000010 0.417683
0.572508 0.001691 0.425800
0.546266 0.005497 0.448237
0.532702 0.014012 0.453285
0.733807 0.002651 0.263542
0.801682 0.003576 0.194743
0.789121 0.010073 0.200807
0.789133 0.003372 0.207495
0.748254 0.009806 0.241939
0.752630 0.001681 0.245689
0.751659 0.006594 0.241747
0.694677 0.001376 0.303947
0.745638 0.001550 0.252812
0.766184 0.000010 0.233806
0.736082 0.000486 0.263432
0.762841 0.000010 0.237149
0.762693 0.000010 0.237297
0.725478 0.004604 0.269918
0.504861 0.000010 0.495129
0.557471 0.000010 0.442519
0.531518 0.000010 0.468472
0.488066 0.000010 0.511924
0.500171 0.013541 0.486287
0.494125 0.000616 0.505259
0.557084 0.000010 0.442906
0.505070 0.000010 0.494920
0.536162 0.009459 0.454378
0.230456 0.021070 0.748474
0.250824 0.025953 0.723224
0.250241 0.023646 0.726113
0.163355 0.029318 0.807327
0.153055 0.024817 0.822129
0.070658 0.086165 0.843176
0.118421 0.088471 0.793107
0.084448 0.085040 0.830512
0.047543 0.084660 0.867798
0.062544 0.074386 0.863070
0.089369 0.115958 0.794673
0.091057 0.104887 0.804056
0.153821 0.092665 0.753514
0.054270 0.128272 0.817458
0.149914 0.109520 0.740566
0.059294 0.068698 0.872007
0.103369 0.087033 0.809598
0.078719 0.088819 0.832462
0.109036 0.106183 0.784780
0.109475 0.206902 0.683624
0.083301 0.081911 0.834788
0.080227 0.078723 0.841050
0.104962 0.085497 0.809541
0.068993 0.085224 0.845783
0.146681 0.100868 0.752451
0.165590 0.094690 0.739720
0.145206 0.091526 0.763268
0.155365 0.130173 0.714462
0.059266 0.087345 0.853388
0.090303 0.073370 0.836326
0.074951 0.098346 0.826703
0.070949 0.077880 0.851171
0.086501 0.096656 0.816842
0.115215 0.072489 0.812296
0.064784 0.126683 0.808533
0.054121 0.074760 0.871119
0.054287 0.089523 0.856190
0.098685 0.082654 0.818661
0.066049 0.092171 0.841780
0.103823 0.080080 0.816098
0.062133 0.075179 0.862688
0.135994 0.168461 0.695545
0.092089 0.118404 0.789507
0.103810 0.080259 0.815932
0.162354 0.101927 0.735719
0.100796 0.162828 0.736376
0.093626 0.086079 0.820295
0.071101 0.105040 0.823859
0.505501 0.006375 0.488123
0.490844 0.003200 0.505956
0.528162 0.006587 0.465251
0.505813 0.008748 0.485439
0.455847 0.000010 0.544143
0.434602 0.011343 0.554055
0.428930 0.000010 0.571060
0.520404 0.008040 0.471556
0.491291 0.016493 0.492216
0.475618 0.002509 0.521873
0.417478 0.000010 0.582512
0.465865 0.002724 0.531411
0.483975 0.007938 0.508087
0.479071 0.018365 0.502565
0.461537 0.008048 0.530415
0.450454 0.024311 0.525234
0.521599 0.009524 0.468876
0.525222 0.007398 0.467380
0.492085 0.010799 0.497116
0.488879 0.016696 0.494425
0.498420 0.010625 0.490955
0.491977 0.009473 0.498550
0.568778 0.010758 0.420464
0.505150 0.012924 0.481926
0.474988 0.010668 0.514344
0.443273 0.001027 0.555701
0.551888 0.010025 0.438087
0.460442 0.012612 0.526946
0.486209 0.019946 0.493846
0.522293 0.014647 0.463061
0.479730 0.013722 0.506548
0.496770 0.008316 0.494913
0.437026 0.002346 0.560629
0.483945 0.009111 0.506944
0.482399 0.013784 0.503817
0.503207 0.014329 0.482464
0.495687 0.012540 0.491773
0.498307 0.010664 0.491029
0.507333 0.002546 0.490121
0.457115 0.011079 0.531806
0.430977 0.009496 0.559527
0.508068 0.019560 0.472372
0.475418 0.018050 0.506531
0.504371 0.011355 0.484273
0.456243 0.016463 0.527294
0.511508 0.010754 0.477738
0.525104 0.032639 0.442257
0.549304 0.008891 0.441805
0.481430 0.016972 0.501598
0.485050 0.019303 0.495646
0.613115 0.008151 0.378733
0.487366 0.009034 0.503600
0.528147 0.000010 0.471843
0.490876 0.019174 0.489950
0.626952 0.101268 0.271780
0.534102 0.015773 0.450126
0.440459 0.015339 0.544202
0.475317 0.002577 0.522106
0.429693 0.005215 0.565092
0.423692 0.017016 0.559292
0.527037 0.001035 0.471929
0.721599 0.005891 0.272510
0.682770 0.000010 0.317220
0.779559 0.000245 0.220196
0.760159 0.002723 0.237118
0.727866 0.000312 0.271822
0.766852 0.004963 0.228185
0.791310 0.000010 0.208680
0.683056 0.000010 0.316934
0.730058 0.011537 0.258405
0.782113 0.000010 0.217877
0.766735 0.007654 0.225611
0.729260 0.001125 0.269615
0.779632 0.000010 0.220358
0.788342 0.000010 0.211648
0.779825 0.000998 0.219177
0.722695 0.000010 0.277295
0.697242 0.000010 0.302748
0.740811 0.000793 0.258397
0.722707 0.000010 0.277283
0.732166 0.000302 0.267532
0.754584 0.002552 0.242864
0.718636 0.005473 0.275892
0.697755 0.000010 0.302235
0.754928 0.006136 0.238936
0.805096 0.004823 0.190081
0.803533 0.000010 0.196457
0.795894 0.013974 0.190131
0.795884 0.000466 0.203650
0.804342 0.005095 0.190563
0.753968 0.008246 0.237786
0.765033 0.006261 0.228706
0.725421 0.008496 0.266083
0.750961 0.010096 0.238943
0.755606 0.010452 0.233942
0.742115 0.012721 0.245164
0.771737 0.007458 0.220805
0.703326 0.005568 0.291106
0.807986 0.001341 0.190673
0.750011 0.011290 0.238698
0.775693 0.014891 0.209416
0.747350 0.010294 0.242357
0.784381 0.005938 0.209681
0.417621 0.037772 0.544607
0.459522 0.012728 0.527751
0.901017 0.012409 0.086574
0.916119 0.009058 0.074824
0.894253 0.011739 0.094007
0.866475 0.005673 0.127852
0.946209 0.005702 0.048089
0.856567 0.008131 0.135302
0.871621 0.012855 0.115524
0.875343 0.022007 0.102650
0.889560 0.018558 0.091883
0.838016 0.017880 0.144105
0.913523 0.006329 0.080148
0.892290 0.009414 0.098295
0.890736 0.016372 0.092892
0.894979 0.002542 0.102479
0.904587 0.015944 0.079469
0.949083 0.021022 0.029896
0.834683 0.009935 0.155382
0.812456 0.012089 0.175455
0.919516 0.010367 0.070117
0.829544 0.002927 0.167529
0.899606 0.000010 0.100384
0.858075 0.000010 0.141915
0.873211 0.001340 0.125448
0.836789 0.001690 0.161521
0.907789 0.001048 0.091163
0.847825 0.000010 0.152165
0.888618 0.003409 0.107972
0.876566 0.000748 0.122686
0.843100 0.000010 0.156890
0.836834 0.020717 0.142449
0.460639 0.002306 0.537055
0.469158 0.000849 0.529993
0.455727 0.000010 0.544263
0.447118 0.002984 0.549898
0.514407 0.007303 0.478290
0.481889 0.000010 0.518101
0.469820 0.008453 0.521728
0.490732 0.000010 0.509258
0.516938 0.000010 0.483052
0.538010 0.000010 0.461980
0.501162 0.001940 0.496898
0.459786 0.000010 0.540204
0.521143 0.003186 0.475671
0.486042 0.000010 0.513948
0.454077 0.000010 0.545913
0.817414 0.018892 0.163693
0.839487 0.014564 0.145949
0.845183 0.011446 0.143371
0.851188 0.009978 0.138834
0.823302 0.024250 0.152448
0.804649 0.013738 0.181613
0.834103 0.029323 0.136573
0.741646 0.024726 0.233628
0.771144 0.028087 0.200769
0.780832 0.018171 0.200997
0.760082 0.029197 0.210721
0.778289 0.016865 0.204846
0.772145 0.043169 0.184686
0.760732 0.025054 0.214214
0.766376 0.027857 0.205767
0.748585 0.038896 0.212519
0.789052 0.018533 0.192415
0.788679 0.039109 0.172212
0.765915 0.016987 0.217099
0.803565 0.041893 0.154542
0.756313 0.033371 0.210317
0.831749 0.029136 0.139114
0.803090 0.038707 0.158203
0.828617 0.022038 0.149345
0.849660 0.024962 0.125378
0.771321 0.039673 0.189006
0.819045 0.005681 0.175274
0.814459 0.018421 0.167120
0.786300 0.028591 0.185110
0.789635 0.022662 0.187703
0.765869 0.028097 0.206034
0.693174 0.050537 0.256289
0.792401 0.032325 0.175273
0.828918 0.028166 0.142916
0.000010 0.999980 0.000010
0.000010 0.999980 0.000010
0.000010 0.999980 0.000010
0.000011 0.999979 0.000010
0.000010 0.999980 0.000010
0.000010 0.999980 0.000010
0.000014 0.999976 0.000010
0.000010 0.999980 0.000010
0.000017 0.999973 0.000010
0.000010 0.999980 0.000010
0.000010 0.999980 0.000010
0.000010 0.999980 0.000010
0.193065 0.038767 0.768168
0.170541 0.062048 0.767411
0.139454 0.070755 0.789791
0.153457 0.059419 0.787124
0.141799 0.061452 0.796749
0.084128 0.107093 0.808779
0.072675 0.109389 0.817937
0.076527 0.091317 0.832156
0.205602 0.041525 0.752873
0.175798 0.057460 0.766742
0.146849 0.045468 0.807683
0.155183 0.014854 0.829963
0.048376 0.120087 0.831537
0.093205 0.093865 0.812930
0.224894 0.074484 0.700622
0.208695 0.103727 0.687578
0.324146 0.021973 0.653880
0.301837 0.026793 0.671370
0.270881 0.033326 0.695793
0.199848 0.031818 0.768334
0.262244 0.045805 0.691951
0.275556 0.030176 0.694268
0.252087 0.019431 0.728482
0.219581 0.034806 0.745613
0.252467 0.043328 0.704204
0.217319 0.032000 0.750680
0.262972 0.025470 0.711558
0.238908 0.042306 0.718786
0.178481 0.040810 0.780709
0.236236 0.018838 0.744926
0.309289 0.024958 0.665753
0.289392 0.029203 0.681405
0.279784 0.023776 0.696440
0.191081 0.040052 0.768867
0.274096 0.028767 0.697137
0.603871 0.000010 0.396119
0.601866 0.012587 0.385547
0.604641 0.007473 0.387887
0.649958 0.005445 0.344597
0.610502 0.019371 0.370127
0.627011 0.010585 0.362404
0.568684 0.000010 0.431306
0.542043 0.023646 0.434311
0.480755 0.024126 0.495120
0.518709 0.025052 0.456239
0.489573 0.031401 0.479026
0.552378 0.017695 0.429928
0.484704 0.021651 0.493645
0.518076 0.032451 0.449473
0.499712 0.013764 0.486524
0.472710 0.004236 0.523054
0.571377 0.022074 0.406549
0.473732 0.019888 0.506380
0.435353 0.017342 0.547304
0.495849 0.019254 0.484897
0.441649 0.026194 0.532157
0.451314 0.015782 0.532904
0.544328 0.017486 0.438186
0.500822 0.019405 0.479773
0.443134 0.039184 0.517682
0.551397 0.003521 0.445082
0.514090 0.001070 0.484839
0.583013 0.000010 0.416977
0.589666 0.003217 0.407117
0.552851 0.006170 0.440979
0.558690 0.003979 0.437331
0.568350 0.003785 0.427865
0.572402 0.007428 0.420169
0.543079 0.000010 0.456911
0.533539 0.007048 0.459413
0.580134 0.000938 0.418928
0.565480 0.000635 0.433886
0.560264 0.002508 0.437227
0.529671 0.002845 0.467484
0.629949 0.000010 0.370041
0.556868 0.007056 0.436076
0.561796 0.000293 0.437911
0.498391 0.006277 0.495332
0.571522 0.000010 0.428468
0.539450 0.006292 0.454259
0.563493 0.006046 0.430461
0.486708 0.000125 0.513167
0.568255 0.000010 0.431735
0.557315 0.000779 0.441906
